TCcounts,TCmass,TCconc,AE33_BC6,AE33_ValidData,AE33_b,OC,EC,CO2,EndTimeUTC
331.98,5683.47,5736,2065,100,1,3671,2065,395.19,2023-10-31 20:00:00
333.05,5741.84,5803,1804,100,1,3999,1804,396.4,2023-10-31 21:00:00
321.34,5501.33,5555,1553,100,1,4002,1553,390.6,2023-10-31 22:00:00
313.73,5408.77,5466,1235,100,1,4231,1235,393.19,2023-10-31 23:00:00
306.31,5243.96,5293,1087,100,1,4206,1087,387.56,2023-11-01 00:00:00
304.87,5255.97,5311,1033,100,1,4278,1033,389.94,2023-11-01 01:00:00
296.08,5068.83,5118,1026,100,1,4092,1026,384.86,2023-11-01 02:00:00
296.92,5118.96,5173,992,100,1,4181,992,387.46,2023-11-01 03:00:00
265.09,4538.33,4580,1104,95,1,3476,1104,382.44,2023-11-01 04:00:00
264.71,4563.62,4608,1169,100,1,3439,1169,382.51,2023-11-01 05:00:00
290.51,4973.47,5018,1399,100,1,3619,1399,382.1,2023-11-01 06:00:00
272.89,4704.68,4751,1541,100,1,3210,1541,386.2,2023-11-01 07:00:00
260.19,4454.47,4497,1363,100,1,3134,1363,381.44,2023-11-01 08:00:00
258.71,4460.23,4507,1322,100,1,3185,1322,384.1,2023-11-01 09:00:00
246.01,4211.76,4254,1319,100,1,2935,1319,378.1,2023-11-01 10:00:00
227.67,3924.96,3969,1089,100,1,2880,1089,380.91,2023-11-01 11:00:00
228.51,3912.04,3949,1010,100,1,2939,1010,374.27,2023-11-01 12:00:00
241.89,4170.1,4211,1451,100,1,2760,1451,379.7,2023-11-01 13:00:00
282.79,4841.39,4883,1949,100,1,2934,1949,377.26,2023-11-01 14:00:00
287.86,4962.76,5017,2006,100,1,3011,2006,382.8,2023-11-01 15:00:00
302.13,5172.55,5224,1590,100,1,3634,1590,376.91,2023-11-01 16:00:00
315.6,5440.89,5498,1977,95,1,3521,1977,385.55,2023-11-01 17:00:00
354.6,6070.71,6129,2492,100,1,3637,2492,382.14,2023-11-01 18:00:00
306.22,5279.26,5335,1720,100,1,3615,1720,385.04,2023-11-01 19:00:00
266.78,4567.28,4610,1447,100,1,3163,1447,379.72,2023-11-01 20:00:00
252.49,4352.87,4396,1287,100,1,3109,1287,383.61,2023-11-01 21:00:00
246.41,4218.5,4256,1140,100,1,3116,1140,379.07,2023-11-01 22:00:00
236.99,4085.68,4123,1036,100,1,3087,1036,383.91,2023-11-01 23:00:00
229.23,3924.35,3960,967,100,1,2993,967,379.53,2023-11-02 00:00:00
240.82,4151.71,4195,1118,100,1,3077,1118,385.79,2023-11-02 01:00:00
258.57,4426.7,4468,1346,100,1,3122,1346,387.38,2023-11-02 02:00:00
226.6,3906.6,3946,1142,100,1,2804,1142,396.69,2023-11-02 03:00:00
166.15,2844.42,2868,532,100,1,2336,532,386.01,2023-11-02 04:00:00
157.36,2712.85,2738,546,100,1,2192,546,388.89,2023-11-02 05:00:00
181.36,3104.87,3133,795,100,1,2338,795,384.4,2023-11-02 06:00:00
194.87,3359.61,3394,918,100,1,2476,918,390.69,2023-11-02 07:00:00
186.68,3195.98,3230,868,100,1,2362,868,385.13,2023-11-02 08:00:00
168.41,2903.34,2933,623,93,1,2310,623,382.33,2023-11-02 09:00:00
161.03,2756.88,2780,741,100,1,2039,741,377.58,2023-11-02 10:00:00
168.8,2910.17,2935,876,100,1,2059,876,381.3,2023-11-02 11:00:00
148.55,2543.14,2565,535,100,1,2030,535,375.48,2023-11-02 12:00:00
158.14,2726.34,2753,590,100,1,2163,590,379.79,2023-11-02 13:00:00
178.65,3058.47,3083,716,100,1,2367,716,376.07,2023-11-02 14:00:00
181.41,3127.43,3160,645,100,1,2515,645,379.81,2023-11-02 15:00:00
149.54,2560.1,2582,472,100,1,2110,472,374.87,2023-11-02 16:00:00
151.75,2616.09,2640,420,100,1,2220,420,378.1,2023-11-02 17:00:00
154.38,2642.93,2668,312,100,1,2356,312,374.32,2023-11-02 18:00:00
164.45,2835.18,2862,358,100,1,2504,358,375.3,2023-11-02 19:00:00
144.91,2480.79,2501,317,100,1,2184,317,371.77,2023-11-02 20:00:00
138.88,2394.21,2417,222,100,1,2195,222,374.84,2023-11-02 21:00:00
133.22,2280.74,2303,152,100,1,2151,152,371.14,2023-11-02 22:00:00
134.88,2325.41,2347,148,100,1,2199,148,373.08,2023-11-02 23:00:00
142.1,2432.83,2456,173,100,1,2283,173,368.25,2023-11-03 00:00:00
133.35,2299.04,2320,135,100,1,2185,135,372.93,2023-11-03 01:00:00
131.24,2246.79,2267,171,100,1,2096,171,369.72,2023-11-03 02:00:00
148.38,2558.14,2583,204,100,1,2379,204,374.23,2023-11-03 03:00:00
146.24,2503.63,2526,312,100,1,2214,312,371.96,2023-11-03 04:00:00
150.76,2599.12,2626,424,100,1,2202,424,376.29,2023-11-03 05:00:00
163.73,2802.98,2827,579,100,1,2248,579,375.06,2023-11-03 06:00:00
184.25,3176.5,3209,843,100,1,2366,843,379.84,2023-11-03 07:00:00
187.52,3210.34,3241,877,100,1,2364,877,378.1,2023-11-03 08:00:00
183.85,3169.52,3202,891,100,1,2311,891,383.07,2023-11-03 09:00:00
199.92,3422.66,3456,1012,100,1,2444,1012,383.29,2023-11-03 10:00:00
206.98,3568.32,3601,1037,100,1,2564,1037,385.12,2023-11-03 11:00:00
204.31,3497.75,3533,1014,100,1,2519,1014,381.51,2023-11-03 12:00:00
248.67,4287.05,4333,1358,100,1,2975,1358,384.18,2023-11-03 13:00:00
205.8,3523.33,3557,1048,100,1,2509,1048,385.71,2023-11-03 14:00:00
244.14,4208.91,4252,1437,100,1,2815,1437,391.22,2023-11-03 15:00:00
276.15,4727.63,4772,1628,100,1,3144,1628,388.75,2023-11-03 16:00:00
250.06,4311.07,4352,1290,93,1,3062,1290,392.54,2023-11-03 17:00:00
247.78,4242.01,4278,1060,100,1,3218,1060,388.18,2023-11-03 18:00:00
235.41,4058.54,4101,985,100,1,3116,985,388.26,2023-11-03 19:00:00
186.55,3193.71,3224,692,100,1,2532,692,383.08,2023-11-03 20:00:00
156.4,2696.35,2724,564,100,1,2160,564,383.71,2023-11-03 21:00:00
141.65,2425.11,2447,509,100,1,1938,509,381.68,2023-11-03 22:00:00
139.48,2404.61,2429,533,100,1,1896,533,385.38,2023-11-03 23:00:00
130.2,2228.95,2251,431,100,1,1820,431,380.69,2023-11-04 00:00:00
126.46,2180.12,2202,318,100,1,1884,318,383.95,2023-11-04 01:00:00
121.14,2073.84,2094,250,100,1,1844,250,381.25,2023-11-04 02:00:00
131.26,2262.94,2288,262,100,1,2026,262,385.07,2023-11-04 03:00:00
128.33,2196.99,2219,340,100,1,1879,340,383.38,2023-11-04 04:00:00
129.13,2226.25,2248,373,100,1,1875,373,383.37,2023-11-04 05:00:00
123.45,2113.46,2133,428,100,1,1705,428,378.42,2023-11-04 06:00:00
162.82,2807.0,2836,569,100,1,2267,569,383.96,2023-11-04 07:00:00
194.69,3333.09,3366,789,100,1,2577,789,381.12,2023-11-04 08:00:00
228.28,3935.53,3979,971,100,1,3008,971,385.29,2023-11-04 09:00:00
221.07,3784.7,3822,1058,100,1,2764,1058,382.17,2023-11-04 10:00:00
207.52,3577.56,3614,886,100,1,2728,886,385.11,2023-11-04 11:00:00
190.43,3260.1,3292,795,100,1,2497,795,381.35,2023-11-04 12:00:00
207.56,3578.31,3617,895,100,1,2722,895,385.27,2023-11-04 13:00:00
200.98,3440.78,3474,863,100,1,2611,863,383.36,2023-11-04 14:00:00
204.12,3519.11,3555,830,100,1,2725,830,389.18,2023-11-04 15:00:00
188.9,3234.04,3264,762,100,1,2502,762,387.79,2023-11-04 16:00:00
190.03,3276.12,3313,713,100,1,2600,713,390.19,2023-11-04 17:00:00
171.65,2938.58,2966,641,100,1,2325,641,386.37,2023-11-04 18:00:00
172.69,2977.11,3008,616,100,1,2392,616,389.99,2023-11-04 19:00:00
173.64,2972.71,2999,640,93,1,2359,640,387.87,2023-11-04 20:00:00
159.35,2747.26,2776,597,100,1,2179,597,390.12,2023-11-04 21:00:00
162.34,2779.23,2805,568,100,1,2237,568,386.17,2023-11-04 22:00:00
151.67,2614.72,2640,493,100,1,2147,493,388.59,2023-11-04 23:00:00
135.55,2320.6,2342,430,100,1,1912,430,384.53,2023-11-05 00:00:00
139.46,2404.32,2429,452,100,1,1977,452,387.16,2023-11-05 01:00:00
142.78,2444.42,2468,453,100,1,2015,453,385.13,2023-11-05 02:00:00
154.17,2657.93,2683,462,100,1,2221,462,389.73,2023-11-05 03:00:00
148.36,2539.87,2562,455,100,1,2107,455,388.11,2023-11-05 04:00:00
147.08,2535.66,2562,485,100,1,2077,485,391.27,2023-11-05 05:00:00
154.9,2651.96,2674,561,100,1,2113,561,386.63,2023-11-05 06:00:00
166.96,2878.42,2909,637,100,1,2272,637,389.24,2023-11-05 07:00:00
175.49,3004.35,3035,696,100,1,2339,696,385.82,2023-11-05 08:00:00
172.95,2981.66,3012,668,100,1,2344,668,388.3,2023-11-05 09:00:00
177.03,3030.77,3058,658,100,1,2400,658,384.49,2023-11-05 10:00:00
175.45,3024.78,3054,644,100,1,2410,644,385.9,2023-11-05 11:00:00
196.17,3358.36,3390,698,100,1,2692,698,381.33,2023-11-05 12:00:00
200.74,3460.77,3494,785,100,1,2709,785,384.59,2023-11-05 13:00:00
208.16,3563.78,3595,882,100,1,2713,882,383.67,2023-11-05 14:00:00
225.34,3884.79,3924,997,100,1,2927,997,387.8,2023-11-05 15:00:00
242.64,4154.02,4189,955,100,1,3234,955,384.72,2023-11-05 16:00:00
222.75,3840.2,3880,919,100,1,2961,919,388.42,2023-11-05 17:00:00
203.01,3475.56,3507,937,100,1,2570,937,385.48,2023-11-05 18:00:00
203.33,3505.4,3541,916,100,1,2625,916,387.86,2023-11-05 19:00:00
200.17,3426.89,3461,857,100,1,2604,857,383.4,2023-11-05 20:00:00
186.23,3210.65,3242,722,100,1,2520,722,385.77,2023-11-05 21:00:00
166.64,2852.82,2879,551,93,1,2328,551,381.98,2023-11-05 22:00:00
152.37,2626.91,2654,682,100,1,1972,682,384.48,2023-11-05 23:00:00
130.33,2231.29,2254,465,100,1,1789,465,381.43,2023-11-06 00:00:00
143.02,2465.59,2493,441,100,1,2052,441,385.38,2023-11-06 01:00:00
137.73,2358.0,2382,513,100,1,1869,513,381.5,2023-11-06 02:00:00
143.52,2474.21,2499,473,100,1,2026,473,385.99,2023-11-06 03:00:00
103.31,1768.66,1786,170,100,1,1616,170,384.04,2023-11-06 04:00:00
111.0,1913.72,1932,148,100,1,1784,148,385.12,2023-11-06 05:00:00
172.29,2949.53,2978,467,100,1,2511,467,380.56,2023-11-06 06:00:00
146.85,2531.61,2557,422,100,1,2135,422,382.14,2023-11-06 07:00:00
150.42,2575.16,2601,879,100,1,1722,879,378.05,2023-11-06 08:00:00
140.97,2430.27,2454,665,100,1,1789,665,381.02,2023-11-06 09:00:00
150.27,2572.6,2598,965,100,1,1633,965,377.41,2023-11-06 10:00:00
160.41,2765.42,2796,734,100,1,2062,734,381.28,2023-11-06 11:00:00
160.9,2754.56,2783,806,100,1,1977,806,378.19,2023-11-06 12:00:00
158.13,2726.22,2757,882,100,1,1875,882,381.55,2023-11-06 13:00:00
160.84,2753.64,2782,813,100,1,1969,813,378.73,2023-11-06 14:00:00
148.73,2564.06,2592,707,100,1,1885,707,383.18,2023-11-06 15:00:00
182.95,3132.1,3164,1173,100,1,1991,1173,379.66,2023-11-06 16:00:00
154.52,2663.91,2692,575,100,1,2117,575,382.02,2023-11-06 17:00:00
136.15,2330.91,2355,364,100,1,1991,364,377.5,2023-11-06 18:00:00
118.67,2045.91,2068,327,100,1,1741,327,379.94,2023-11-06 19:00:00
127.47,2182.28,2202,297,100,1,1905,297,375.64,2023-11-06 20:00:00
122.35,2109.35,2131,235,100,1,1896,235,377.92,2023-11-06 21:00:00
122.46,2096.58,2117,253,100,1,1864,253,374.06,2023-11-06 22:00:00
135.64,2338.52,2363,249,100,1,2114,249,377.1,2023-11-06 23:00:00
136.22,2332.16,2353,284,100,1,2069,284,374.21,2023-11-07 00:00:00
129.9,2239.43,2260,290,100,1,1970,290,378.01,2023-11-07 01:00:00
134.48,2302.32,2323,314,100,1,2009,314,375.63,2023-11-07 02:00:00
138.42,2386.32,2410,372,100,1,2038,372,379.57,2023-11-07 03:00:00
145.61,2492.9,2515,353,100,1,2162,353,376.67,2023-11-07 04:00:00
141.9,2446.34,2471,479,100,1,1992,479,381.31,2023-11-07 05:00:00
149.26,2555.32,2577,644,100,1,1933,644,379.57,2023-11-07 06:00:00
169.77,2926.86,2954,877,100,1,2077,877,384.53,2023-11-07 07:00:00
170.91,2926.01,2952,780,100,1,2172,780,379.66,2023-11-07 08:00:00
169.58,2923.6,2951,1151,95,1,1800,1151,385.23,2023-11-07 09:00:00
171.01,2927.61,2953,1251,100,1,1702,1251,380.33,2023-11-07 10:00:00
160.81,2772.41,2799,817,100,1,1982,817,382.1,2023-11-07 11:00:00
142.87,2445.87,2468,584,100,1,1884,584,376.1,2023-11-07 12:00:00
150.97,2602.76,2627,733,100,1,1894,733,379.54,2023-11-07 13:00:00
147.99,2533.65,2555,722,100,1,1833,722,375.5,2023-11-07 14:00:00
165.05,2845.5,2873,767,100,1,2106,767,380.64,2023-11-07 15:00:00
191.9,3285.27,3315,775,100,1,2540,775,378.13,2023-11-07 16:00:00
198.11,3415.41,3451,809,100,1,2642,809,381.55,2023-11-07 17:00:00
185.4,3173.96,3201,769,100,1,2432,769,376.67,2023-11-07 18:00:00
207.26,3573.22,3609,917,100,1,2692,917,380.44,2023-11-07 19:00:00
165.59,2834.83,2859,692,100,1,2167,692,376.35,2023-11-07 20:00:00
145.37,2506.11,2533,449,100,1,2084,449,381.05,2023-11-07 21:00:00
134.44,2301.62,2323,393,100,1,1930,393,376.48,2023-11-07 22:00:00
132.75,2288.58,2311,404,100,1,1907,404,380.44,2023-11-07 23:00:00
138.9,2377.93,2398,317,100,1,2081,317,376.92,2023-11-08 00:00:00
132.81,2289.72,2314,404,100,1,1910,404,382.32,2023-11-08 01:00:00
137.79,2358.96,2381,392,100,1,1989,392,377.52,2023-11-08 02:00:00
143.74,2478.08,2502,449,100,1,2053,449,381.24,2023-11-08 03:00:00
153.58,2629.35,2656,549,100,1,2107,549,375.99,2023-11-08 04:00:00
168.2,2899.75,2929,665,100,1,2264,665,381.41,2023-11-08 05:00:00
1933.76,33105.96,33417,978,100,1,32439,978,379.46,2023-11-08 06:00:00
1478.76,25493.85,25764,1331,100,1,24433,1331,384.53,2023-11-08 07:00:00
245.32,4199.94,4244,1592,100,1,2652,1592,381.86,2023-11-08 08:00:00
206.03,3551.94,3587,1337,95,1,2250,1337,383.49,2023-11-08 09:00:00
200.9,3439.49,3474,1058,100,1,2416,1058,379.29,2023-11-08 10:00:00
246.36,4247.22,4291,1193,100,1,3098,1193,381.64,2023-11-08 11:00:00
225.92,3867.77,3904,1135,100,1,2769,1135,377.6,2023-11-08 12:00:00
227.89,3928.82,3970,1389,100,1,2581,1389,380.64,2023-11-08 13:00:00
239.12,4093.72,4134,1558,100,1,2576,1558,377.73,2023-11-08 14:00:00
251.82,4341.32,4385,1350,100,1,3035,1350,383.04,2023-11-08 15:00:00
245.56,4204.03,4243,1340,100,1,2903,1340,378.9,2023-11-08 16:00:00
209.52,3612.11,3647,1092,100,1,2555,1092,383.92,2023-11-08 17:00:00
230.31,3942.9,3984,1212,100,1,2772,1212,381.84,2023-11-08 18:00:00
272.74,4702.12,4750,1469,100,1,3281,1469,386.99,2023-11-08 19:00:00
265.83,4551.08,4593,1443,100,1,3150,1443,385.62,2023-11-08 20:00:00
262.66,4528.29,4577,1467,100,1,3110,1467,390.53,2023-11-08 21:00:00
262.57,4495.2,4538,1421,100,1,3117,1421,388.59,2023-11-08 22:00:00
268.82,4634.49,4682,1581,93,1,3101,1581,395.14,2023-11-08 23:00:00
276.22,4728.88,4772,1536,100,1,3236,1536,392.03,2023-11-09 00:00:00
266.6,4596.17,4643,1531,100,1,3112,1531,397.77,2023-11-09 01:00:00
301.78,5166.45,5217,2136,100,1,3081,2136,395.26,2023-11-09 02:00:00
307.89,5308.0,5365,2542,100,1,2823,2542,401.16,2023-11-09 03:00:00
320.55,5487.79,5539,2404,100,1,3135,2404,400.73,2023-11-09 04:00:00
288.44,4972.67,5019,2176,100,1,2843,2176,409.39,2023-11-09 05:00:00
293.77,5029.34,5079,2222,100,1,2857,2222,408.39,2023-11-09 06:00:00
328.85,5669.3,5732,2547,100,1,3185,2547,416.44,2023-11-09 07:00:00
413.76,7083.59,7153,4213,93,1,2940,4213,421.17,2023-11-09 08:00:00
468.62,8078.99,8167,4710,100,1,3457,4710,424.38,2023-11-09 09:00:00
337.04,5770.21,5823,2943,100,1,2880,2943,411.13,2023-11-09 10:00:00
293.79,5064.96,5118,2481,100,1,2637,2481,405.04,2023-11-09 11:00:00
239.37,4098.08,4135,1708,100,1,2427,1708,393.47,2023-11-09 12:00:00
223.53,3853.67,3893,1572,100,1,2321,1572,393.4,2023-11-09 13:00:00
237.18,4060.44,4096,1657,100,1,2439,1657,387.1,2023-11-09 14:00:00
195.37,3368.25,3403,981,100,1,2422,981,389.71,2023-11-09 15:00:00
198.79,3403.34,3437,1092,93,1,2345,1092,385.43,2023-11-09 16:00:00
191.03,3293.43,3328,910,100,1,2418,910,385.9,2023-11-09 17:00:00
152.49,2610.68,2633,635,100,1,1998,635,380.44,2023-11-09 18:00:00
142.0,2448.07,2471,543,100,1,1928,543,381.95,2023-11-09 19:00:00
148.89,2549.04,2573,572,100,1,2001,572,379.64,2023-11-09 20:00:00
150.75,2598.91,2627,651,100,1,1976,651,383.8,2023-11-09 21:00:00
157.43,2695.26,2719,628,100,1,2091,628,380.74,2023-11-09 22:00:00
182.6,3148.0,3178,847,100,1,2331,847,387.95,2023-11-09 23:00:00
242.86,4157.7,4197,1353,100,1,2844,1353,388.08,2023-11-10 00:00:00
220.08,3794.12,3832,1119,100,1,2713,1119,391.76,2023-11-10 01:00:00
220.27,3770.95,3805,912,100,1,2893,912,387.71,2023-11-10 02:00:00
204.62,3527.67,3563,833,100,1,2730,833,389.71,2023-11-10 03:00:00
237.7,4069.5,4106,812,100,1,3294,812,385.09,2023-11-10 04:00:00
172.38,2971.77,2999,635,100,1,2364,635,385.19,2023-11-10 05:00:00
168.69,2887.9,2914,737,100,1,2177,737,380.23,2023-11-10 06:00:00
170.71,2943.1,2973,781,100,1,2192,781,382.03,2023-11-10 07:00:00
191.89,3285.2,3314,997,100,1,2317,997,380.98,2023-11-10 08:00:00
225.88,3894.22,3931,1401,100,1,2530,1401,384.19,2023-11-10 09:00:00
218.69,3743.97,3779,1267,100,1,2512,1267,380.47,2023-11-10 10:00:00
246.5,4249.73,4290,1397,100,1,2893,1397,383.56,2023-11-10 11:00:00
248.35,4251.78,4292,1245,100,1,3047,1245,380.9,2023-11-10 12:00:00
219.27,3780.18,3818,1107,93,1,2711,1107,384.75,2023-11-10 13:00:00
219.57,3759.1,3791,1106,100,1,2685,1106,381.72,2023-11-10 14:00:00
208.32,3591.52,3631,1115,100,1,2516,1115,386.0,2023-11-10 15:00:00
263.19,4505.89,4547,1641,100,1,2906,1641,385.05,2023-11-10 16:00:00
249.73,4305.32,4350,1518,100,1,2832,1518,387.37,2023-11-10 17:00:00
237.51,4066.25,4105,1191,100,1,2914,1191,383.21,2023-11-10 18:00:00
248.06,4276.59,4324,1126,100,1,3198,1126,384.72,2023-11-10 19:00:00
240.87,4123.75,4164,1119,100,1,3045,1119,380.63,2023-11-10 20:00:00
242.89,4187.46,4232,1010,100,1,3222,1010,382.95,2023-11-10 21:00:00
227.21,3889.85,3928,953,100,1,2975,953,378.94,2023-11-10 22:00:00
226.36,3902.4,3940,900,100,1,3040,900,381.56,2023-11-10 23:00:00
208.19,3564.22,3597,771,100,1,2826,771,378.13,2023-11-11 00:00:00
180.39,3109.84,3142,666,100,1,2476,666,380.87,2023-11-11 01:00:00
192.45,3294.66,3326,676,100,1,2650,676,377.94,2023-11-11 02:00:00
183.53,3164.13,3199,701,100,1,2498,701,381.32,2023-11-11 03:00:00
181.04,3099.41,3128,706,100,1,2422,706,378.33,2023-11-11 04:00:00
193.96,3343.88,3378,729,100,1,2649,729,381.59,2023-11-11 05:00:00
200.76,3436.96,3468,881,100,1,2587,881,377.56,2023-11-11 06:00:00
239.96,4136.97,4179,1172,95,1,3007,1172,383.02,2023-11-11 07:00:00
222.53,3809.77,3843,1328,100,1,2515,1328,380.37,2023-11-11 08:00:00
220.33,3798.49,3836,1351,100,1,2485,1351,383.24,2023-11-11 09:00:00
228.85,3917.91,3953,1182,100,1,2771,1182,379.35,2023-11-11 10:00:00
234.2,4037.68,4082,1202,100,1,2880,1202,382.31,2023-11-11 11:00:00
262.11,4487.32,4535,1250,100,1,3285,1250,378.47,2023-11-11 12:00:00
299.21,5158.31,5214,1422,100,1,3792,1422,381.99,2023-11-11 13:00:00
279.9,4791.95,4835,1434,100,1,3401,1434,378.82,2023-11-11 14:00:00
258.24,4452.03,4495,1331,100,1,3164,1331,381.31,2023-11-11 15:00:00
292.86,5013.74,5060,1311,100,1,3749,1311,377.29,2023-11-11 16:00:00
227.56,3923.18,3961,913,100,1,3048,913,379.49,2023-11-11 17:00:00
181.6,3109.02,3139,668,100,1,2471,668,375.31,2023-11-11 18:00:00
174.76,3012.78,3044,761,100,1,2283,761,378.38,2023-11-11 19:00:00
175.07,2997.21,3024,689,100,1,2335,689,375.29,2023-11-11 20:00:00
174.73,3012.26,3044,637,100,1,2407,637,378.39,2023-11-11 21:00:00
190.7,3264.75,3297,843,100,1,2454,843,375.5,2023-11-11 22:00:00
166.77,2875.12,2907,567,100,1,2340,567,378.47,2023-11-11 23:00:00
157.92,2703.52,2730,458,100,1,2272,458,374.87,2023-11-12 00:00:00
148.86,2566.27,2594,546,100,1,2048,546,377.9,2023-11-12 01:00:00
165.95,2841.03,2868,563,93,1,2305,563,376.65,2023-11-12 02:00:00
137.65,2373.0,2400,548,100,1,1852,548,381.71,2023-11-12 03:00:00
145.11,2484.33,2507,548,100,1,1959,548,379.49,2023-11-12 04:00:00
149.67,2580.32,2608,499,100,1,2109,499,383.38,2023-11-12 05:00:00
152.9,2617.67,2643,518,100,1,2125,518,380.41,2023-11-12 06:00:00
170.19,2934.15,2967,635,100,1,2332,635,384.89,2023-11-12 07:00:00
166.5,2850.45,2876,679,100,1,2197,679,380.54,2023-11-12 08:00:00
145.72,2512.26,2538,657,100,1,1881,657,383.65,2023-11-12 09:00:00
155.68,2665.16,2691,617,100,1,2074,617,381.21,2023-11-12 10:00:00
143.31,2470.64,2496,604,100,1,1892,604,385.19,2023-11-12 11:00:00
142.58,2440.99,2465,616,100,1,1849,616,383.03,2023-11-12 12:00:00
142.21,2451.71,2477,610,100,1,1867,610,385.41,2023-11-12 13:00:00
138.15,2365.21,2388,638,100,1,1750,638,384.59,2023-11-12 14:00:00
150.85,2600.58,2626,801,100,1,1825,801,386.98,2023-11-12 15:00:00
153.25,2623.7,2652,582,100,1,2070,582,382.37,2023-11-12 16:00:00
136.97,2361.38,2387,528,100,1,1859,528,384.21,2023-11-12 17:00:00
147.07,2517.86,2546,573,100,1,1973,573,380.86,2023-11-12 18:00:00
129.53,2233.17,2259,544,100,1,1715,544,382.75,2023-11-12 19:00:00
127.34,2180.13,2203,477,100,1,1726,477,378.04,2023-11-12 20:00:00
120.36,2074.96,2100,321,100,1,1779,321,380.33,2023-11-12 21:00:00
130.53,2234.65,2258,287,100,1,1971,287,376.8,2023-11-12 22:00:00
118.75,2047.2,2069,266,100,1,1803,266,380.82,2023-11-12 23:00:00
113.68,1946.19,1967,176,100,1,1791,176,378.15,2023-11-13 00:00:00
101.64,1752.33,1771,119,100,1,1652,119,382.0,2023-11-13 01:00:00
95.45,1634.08,1650,137,100,1,1513,137,379.16,2023-11-13 02:00:00
104.15,1795.56,1816,202,100,1,1614,202,382.25,2023-11-13 03:00:00
110.4,1890.07,1909,199,100,1,1710,199,379.68,2023-11-13 04:00:00
113.47,1956.3,1978,329,100,1,1649,329,384.52,2023-11-13 05:00:00
128.26,2195.81,2217,454,100,1,1763,454,382.5,2023-11-13 06:00:00
125.2,2158.41,2181,444,100,1,1737,444,383.87,2023-11-13 07:00:00
134.63,2304.9,2326,482,100,1,1844,482,380.77,2023-11-13 08:00:00
121.28,2090.86,2113,527,100,1,1586,527,384.89,2023-11-13 09:00:00
128.3,2196.44,2218,433,100,1,1785,433,380.95,2023-11-13 10:00:00
135.75,2340.34,2364,448,100,1,1916,448,383.46,2023-11-13 11:00:00
143.69,2460.04,2483,443,100,1,2040,443,378.49,2023-11-13 12:00:00
135.93,2343.5,2367,511,100,1,1856,511,381.65,2023-11-13 13:00:00
147.28,2521.46,2547,501,100,1,2046,501,376.54,2023-11-13 14:00:00
145.59,2509.94,2534,553,100,1,1981,553,382.78,2023-11-13 15:00:00
186.67,3195.72,3224,694,100,1,2530,694,378.52,2023-11-13 16:00:00
158.92,2739.78,2768,477,100,1,2291,477,382.0,2023-11-13 17:00:00
138.85,2377.13,2401,433,93,1,1968,433,378.03,2023-11-13 18:00:00
138.81,2393.02,2416,389,100,1,2027,389,381.78,2023-11-13 19:00:00
139.98,2396.39,2419,506,100,1,1913,506,377.83,2023-11-13 20:00:00
130.58,2251.28,2273,347,100,1,1926,347,381.69,2023-11-13 21:00:00
124.25,2127.22,2149,235,100,1,1914,235,376.51,2023-11-13 22:00:00
110.32,1901.94,1922,208,100,1,1714,208,381.75,2023-11-13 23:00:00
106.97,1831.25,1848,157,100,1,1691,157,379.39,2023-11-14 00:00:00
95.1,1639.5,1656,137,100,1,1519,137,382.13,2023-11-14 01:00:00
109.31,1871.47,1888,151,100,1,1737,151,376.79,2023-11-14 02:00:00
108.44,1869.56,1887,145,100,1,1742,145,380.28,2023-11-14 03:00:00
116.78,1999.29,2016,266,100,1,1750,266,377.0,2023-11-14 04:00:00
121.75,2098.96,2121,408,100,1,1713,408,380.77,2023-11-14 05:00:00
129.2,2211.97,2234,498,100,1,1736,498,377.57,2023-11-14 06:00:00
139.58,2406.27,2428,675,100,1,1753,675,382.02,2023-11-14 07:00:00
155.32,2659.05,2685,822,100,1,1863,822,378.93,2023-11-14 08:00:00
163.13,2812.35,2839,961,100,1,1878,961,383.33,2023-11-14 09:00:00
165.6,2835.02,2860,802,100,1,2058,802,376.75,2023-11-14 10:00:00
151.87,2618.21,2643,622,100,1,2021,622,373.54,2023-11-14 11:00:00
175.82,3010.12,3041,722,100,1,2319,722,383.36,2023-11-14 12:00:00
145.16,2502.47,2528,613,100,1,1915,613,383.49,2023-11-14 13:00:00
166.05,2842.75,2869,785,100,1,2084,785,378.77,2023-11-14 14:00:00
182.33,3143.42,3175,756,100,1,2419,756,383.44,2023-11-14 15:00:00
278.72,4771.64,4814,785,100,1,4029,785,374.49,2023-11-14 16:00:00
173.69,2994.34,3019,704,100,1,2315,704,381.99,2023-11-14 17:00:00
171.2,2930.92,2959,696,100,1,2263,696,378.94,2023-11-14 18:00:00
180.07,3104.48,3137,601,100,1,2536,601,381.53,2023-11-14 19:00:00
170.84,2924.74,2953,549,100,1,2404,549,377.84,2023-11-14 20:00:00
153.9,2653.19,2681,515,100,1,2166,515,380.72,2023-11-14 21:00:00
151.4,2592.03,2616,448,100,1,2168,448,376.44,2023-11-14 22:00:00
172.27,2969.98,2999,537,100,1,2462,537,379.54,2023-11-14 23:00:00
182.25,3120.12,3152,561,100,1,2591,561,376.54,2023-11-15 00:00:00
179.31,3091.26,3122,598,100,1,2524,598,380.14,2023-11-15 01:00:00
177.44,3037.74,3065,557,100,1,2508,557,376.56,2023-11-15 02:00:00
182.77,3151.03,3184,646,100,1,2538,646,381.01,2023-11-15 03:00:00
176.56,3022.74,3048,698,100,1,2350,698,377.78,2023-11-15 04:00:00
173.11,2984.45,3013,748,100,1,2265,748,382.06,2023-11-15 05:00:00
184.06,3151.04,3178,868,93,1,2310,868,380.19,2023-11-15 06:00:00
187.39,3230.63,3263,942,100,1,2321,942,384.62,2023-11-15 07:00:00
226.57,3878.85,3914,1359,100,1,2555,1359,384.68,2023-11-15 08:00:00
247.6,4268.54,4310,1720,100,1,2590,1720,391.19,2023-11-15 09:00:00
248.53,4254.8,4291,1810,100,1,2481,1810,388.96,2023-11-15 10:00:00
251.9,4342.71,4388,1834,100,1,2554,1834,389.5,2023-11-15 11:00:00
220.99,3783.37,3814,1258,100,1,2556,1258,382.83,2023-11-15 12:00:00
218.72,3770.78,3807,1346,100,1,2461,1346,385.52,2023-11-15 13:00:00
234.72,4018.35,4055,1346,100,1,2709,1346,381.61,2023-11-15 14:00:00
218.47,3766.35,3806,1310,100,1,2496,1310,387.14,2023-11-15 15:00:00
242.16,4145.74,4181,1444,100,1,2737,1444,386.65,2023-11-15 16:00:00
270.3,4659.97,4710,1871,100,1,2839,1871,392.62,2023-11-15 17:00:00
289.67,4959.09,5006,1822,100,1,3184,1822,389.72,2023-11-15 18:00:00
309.24,5331.24,5382,1513,93,1,3869,1513,393.35,2023-11-15 19:00:00
340.1,5822.59,5881,1469,100,1,4412,1469,387.81,2023-11-15 20:00:00
416.46,7179.75,7252,1606,100,1,5646,1606,393.16,2023-11-15 21:00:00
512.71,8777.52,8860,1745,100,1,7115,1745,390.62,2023-11-15 22:00:00
419.25,7227.82,7301,1538,100,1,5763,1538,395.39,2023-11-15 23:00:00
360.01,6163.45,6223,1353,100,1,4870,1353,391.89,2023-11-16 00:00:00
309.71,5339.41,5394,1270,100,1,4124,1270,396.26,2023-11-16 01:00:00
254.54,4357.65,4393,1362,100,1,3031,1362,393.02,2023-11-16 02:00:00
221.62,3820.65,3859,989,100,1,2870,989,397.07,2023-11-16 03:00:00
190.78,3266.09,3298,840,100,1,2458,840,392.39,2023-11-16 04:00:00
162.28,2797.75,2826,768,100,1,2058,768,396.75,2023-11-16 05:00:00
189.06,3236.67,3264,1080,93,1,2184,1080,394.43,2023-11-16 06:00:00
210.95,3636.74,3674,1491,100,1,2183,1491,400.97,2023-11-16 07:00:00
210.5,3603.7,3636,1639,100,1,1997,1639,398.69,2023-11-16 08:00:00
255.96,4412.82,4456,2155,100,1,2301,2155,405.5,2023-11-16 09:00:00
234.26,4010.61,4045,1764,100,1,2281,1764,402.12,2023-11-16 10:00:00
214.37,3695.67,3733,1501,100,1,2232,1501,401.85,2023-11-16 11:00:00
227.23,3890.1,3928,1453,100,1,2475,1453,396.51,2023-11-16 12:00:00
224.34,3867.55,3905,1358,100,1,2547,1358,398.83,2023-11-16 13:00:00
217.49,3723.45,3758,1288,100,1,2470,1288,394.11,2023-11-16 14:00:00
214.37,3695.65,3731,1136,100,1,2595,1136,397.48,2023-11-16 15:00:00
186.07,3185.47,3215,754,100,1,2461,754,390.47,2023-11-16 16:00:00
191.98,3309.75,3345,845,100,1,2500,845,393.03,2023-11-16 17:00:00
190.89,3268.02,3298,681,100,1,2617,681,386.81,2023-11-16 18:00:00
176.26,3038.72,3067,568,100,1,2499,568,389.39,2023-11-16 19:00:00
144.81,2479.16,2502,349,100,1,2153,349,381.65,2023-11-16 20:00:00
147.06,2535.29,2560,252,100,1,2308,252,382.61,2023-11-16 21:00:00
135.37,2317.61,2337,178,100,1,2159,178,376.68,2023-11-16 22:00:00
151.74,2615.92,2641,212,100,1,2429,212,380.0,2023-11-16 23:00:00
138.15,2365.12,2384,213,100,1,2171,213,375.06,2023-11-17 00:00:00
131.05,2259.32,2281,192,100,1,2089,192,378.48,2023-11-17 01:00:00
133.26,2281.49,2300,194,100,1,2106,194,373.5,2023-11-17 02:00:00
136.36,2350.92,2373,248,100,1,2125,248,376.58,2023-11-17 03:00:00
142.6,2441.39,2463,232,93,1,2231,232,372.15,2023-11-17 04:00:00
136.75,2357.57,2382,309,100,1,2073,309,377.27,2023-11-17 05:00:00
148.43,2541.13,2562,463,100,1,2099,463,373.78,2023-11-17 06:00:00
196.07,3380.2,3408,676,100,1,2732,676,366.22,2023-11-17 07:00:00
209.64,3589.01,3625,633,100,1,2992,633,379.89,2023-11-17 08:00:00
152.1,2622.18,2653,531,100,1,2122,531,382.53,2023-11-17 09:00:00
177.02,3030.53,3058,770,100,1,2288,770,375.77,2023-11-17 10:00:00
179.88,3101.07,3129,850,100,1,2279,850,379.41,2023-11-17 11:00:00
188.68,3230.17,3257,849,100,1,2408,849,374.05,2023-11-17 12:00:00
201.77,3478.53,3514,756,100,1,2758,756,376.46,2023-11-17 13:00:00
185.99,3184.22,3210,739,100,1,2471,739,374.74,2023-11-17 14:00:00
163.78,2823.56,2853,577,100,1,2276,577,379.32,2023-11-17 15:00:00
165.31,2830.09,2856,536,100,1,2320,536,376.08,2023-11-17 16:00:00
168.82,2910.53,2939,585,100,1,2354,585,379.86,2023-11-17 17:00:00
172.39,2951.38,2976,552,100,1,2424,552,376.54,2023-11-17 18:00:00
187.18,3226.95,3260,599,100,1,2661,599,381.8,2023-11-17 19:00:00
177.31,3035.57,3064,449,100,1,2615,449,377.01,2023-11-17 20:00:00
155.09,2673.74,2699,321,100,1,2378,321,381.14,2023-11-17 21:00:00
151.03,2585.71,2608,232,100,1,2376,232,375.71,2023-11-17 22:00:00
146.92,2532.96,2557,290,100,1,2267,290,378.18,2023-11-17 23:00:00
146.93,2515.36,2536,281,100,1,2255,281,373.7,2023-11-18 00:00:00
174.35,3005.76,3034,582,100,1,2452,582,379.78,2023-11-18 01:00:00
228.5,3911.87,3944,1200,100,1,2744,1200,380.81,2023-11-18 02:00:00
242.46,4180.03,4220,1541,100,1,2679,1541,387.62,2023-11-18 03:00:00
235.1,4024.94,4059,1029,100,1,3030,1029,384.92,2023-11-18 04:00:00
300.26,5176.56,5226,1374,100,1,3852,1374,389.67,2023-11-18 05:00:00
2404.21,41160.09,41523,1061,100,1,40462,1061,384.24,2023-11-18 06:00:00
1037.6,17888.23,18051,1115,100,1,16936,1115,397.78,2023-11-18 07:00:00
291.76,4994.93,5040,1404,93,1,3636,1404,393.95,2023-11-18 08:00:00
272.64,4700.31,4746,1461,100,1,3285,1461,396.71,2023-11-18 09:00:00
262.0,4485.42,4526,1359,100,1,3167,1359,390.57,2023-11-18 10:00:00
274.14,4726.22,4775,1539,100,1,3236,1539,399.38,2023-11-18 11:00:00
275.86,4722.76,4761,1778,100,1,2983,1778,398.06,2023-11-18 12:00:00
300.41,5179.11,5229,2234,100,1,2995,2234,405.39,2023-11-18 13:00:00
296.35,5073.56,5115,2238,100,1,2877,2238,402.63,2023-11-18 14:00:00
374.24,6451.98,6518,2678,100,1,3840,2678,412.07,2023-11-18 15:00:00
427.37,7316.66,7382,3620,100,1,3762,3620,411.88,2023-11-18 16:00:00
459.81,7927.06,8003,3636,93,1,4367,3636,419.25,2023-11-18 17:00:00
477.56,8175.74,8246,3664,100,1,4582,3664,415.32,2023-11-18 18:00:00
467.88,8066.28,8150,3463,100,1,4687,3463,420.98,2023-11-18 19:00:00
480.84,8232.01,8300,4325,100,1,3975,4325,417.3,2023-11-18 20:00:00
651.31,11228.55,11349,4916,93,1,6433,4916,422.07,2023-11-18 21:00:00
693.53,11873.18,11984,6062,100,1,5922,6062,413.15,2023-11-18 22:00:00
435.42,7506.63,7580,2809,100,1,4771,2809,406.58,2023-11-18 23:00:00
349.88,5989.9,6046,1706,100,1,4340,1706,394.76,2023-11-19 00:00:00
376.81,6496.27,6565,2050,100,1,4515,2050,398.26,2023-11-19 01:00:00
372.41,6375.63,6430,2178,100,1,4252,2178,394.99,2023-11-19 02:00:00
399.04,6879.45,6945,2346,93,1,4599,2346,402.78,2023-11-19 03:00:00
378.0,6471.31,6525,2135,100,1,4390,2135,400.41,2023-11-19 04:00:00
407.06,7017.68,7095,1781,100,1,5314,1781,404.12,2023-11-19 05:00:00
313.39,5365.2,5412,1523,100,1,3889,1523,397.26,2023-11-19 06:00:00
348.02,5999.91,6055,2099,100,1,3956,2099,412.04,2023-11-19 07:00:00
369.86,6331.95,6384,2432,100,1,3952,2432,411.29,2023-11-19 08:00:00
356.28,6142.25,6207,2246,100,1,3961,2246,416.85,2023-11-19 09:00:00
352.29,6031.28,6085,2084,100,1,4001,2084,407.13,2023-11-19 10:00:00
329.13,5674.24,5735,1832,100,1,3903,1832,406.24,2023-11-19 11:00:00
317.43,5434.43,5480,1601,93,1,3879,1601,398.59,2023-11-19 12:00:00
299.7,5166.9,5219,1602,100,1,3617,1602,400.93,2023-11-19 13:00:00
350.06,5993.02,6048,1858,100,1,4190,1858,394.28,2023-11-19 14:00:00
358.47,6179.96,6247,1921,100,1,4326,1921,397.13,2023-11-19 15:00:00
309.99,5306.95,5350,1560,100,1,3790,1560,389.79,2023-11-19 16:00:00
334.53,5767.33,5827,1657,100,1,4170,1657,392.26,2023-11-19 17:00:00
299.56,5128.46,5180,1486,100,1,3694,1486,385.64,2023-11-19 18:00:00
289.23,4986.25,5037,1333,100,1,3704,1333,390.18,2023-11-19 19:00:00
278.34,4765.13,4808,1519,100,1,3289,1519,385.35,2023-11-19 20:00:00
285.26,4917.94,4964,1650,100,1,3314,1650,389.09,2023-11-19 21:00:00
210.43,3602.58,3634,920,100,1,2714,920,382.61,2023-11-19 22:00:00
238.26,4107.64,4150,959,93,1,3191,959,389.03,2023-11-19 23:00:00
258.27,4421.54,4462,1192,100,1,3270,1192,386.14,2023-11-20 00:00:00
246.59,4251.2,4295,1029,100,1,3266,1029,390.7,2023-11-20 01:00:00
248.96,4262.2,4301,1085,100,1,3216,1085,384.79,2023-11-20 02:00:00
253.99,4378.76,4422,1396,100,1,3026,1396,389.09,2023-11-20 03:00:00
244.62,4187.87,4225,1080,100,1,3145,1080,385.32,2023-11-20 04:00:00
253.52,4370.69,4419,1193,100,1,3226,1193,391.37,2023-11-20 05:00:00
279.15,4779.03,4822,1585,100,1,3237,1585,389.24,2023-11-20 06:00:00
278.18,4795.85,4847,1396,100,1,3451,1396,398.03,2023-11-20 07:00:00
276.88,4740.22,4786,1376,100,1,3410,1376,393.07,2023-11-20 08:00:00
328.34,5660.53,5720,1506,100,1,4214,1506,397.09,2023-11-20 09:00:00
310.33,5312.91,5365,1461,100,1,3904,1461,391.53,2023-11-20 10:00:00
336.0,5792.6,5850,1704,100,1,4146,1704,396.09,2023-11-20 11:00:00
320.71,5490.5,5543,1514,93,1,4029,1514,390.54,2023-11-20 12:00:00
375.61,6475.44,6539,1749,100,1,4790,1749,394.42,2023-11-20 13:00:00
355.96,6094.05,6152,1682,100,1,4470,1682,389.99,2023-11-20 14:00:00
285.66,4924.77,4977,1296,100,1,3681,1296,393.94,2023-11-20 15:00:00
266.15,4556.52,4600,995,100,1,3605,995,385.95,2023-11-20 16:00:00
269.63,4648.44,4698,981,100,1,3717,981,390.14,2023-11-20 17:00:00
302.16,5173.01,5221,1094,100,1,4127,1094,385.57,2023-11-20 18:00:00
259.3,4470.38,4517,1007,100,1,3510,1007,388.03,2023-11-20 19:00:00
245.93,4210.31,4251,888,100,1,3363,888,381.29,2023-11-20 20:00:00
232.99,4016.67,4057,858,100,1,3199,858,384.86,2023-11-20 21:00:00
216.42,3705.12,3739,657,100,1,3082,657,378.81,2023-11-20 22:00:00
213.09,3673.66,3708,642,100,1,3066,642,384.3,2023-11-20 23:00:00
221.67,3794.93,3831,681,100,1,3150,681,379.63,2023-11-21 00:00:00
221.48,3818.38,3855,671,100,1,3184,671,385.21,2023-11-21 01:00:00
221.58,3793.39,3825,617,100,1,3208,617,382.43,2023-11-21 02:00:00
193.24,3331.5,3362,531,100,1,2831,531,390.07,2023-11-21 03:00:00
195.81,3352.21,3380,540,100,1,2840,540,386.77,2023-11-21 04:00:00
207.56,3578.42,3617,690,93,1,2927,690,392.16,2023-11-21 05:00:00
233.77,4002.2,4035,818,100,1,3217,818,386.68,2023-11-21 06:00:00
282.43,4869.07,4916,977,100,1,3939,977,395.12,2023-11-21 07:00:00
282.85,4842.46,4886,1049,100,1,3837,1049,387.7,2023-11-21 08:00:00
290.46,5007.48,5062,804,100,1,4258,804,390.84,2023-11-21 09:00:00
293.77,5029.34,5075,828,100,1,4247,828,382.47,2023-11-21 10:00:00
252.86,4359.26,4404,831,100,1,3573,831,385.17,2023-11-21 11:00:00
233.58,3998.85,4030,865,100,1,3165,865,379.17,2023-11-21 12:00:00
221.24,3814.1,3852,841,100,1,3011,841,384.06,2023-11-21 13:00:00
389.86,6674.46,6731,816,100,1,5915,816,378.18,2023-11-21 14:00:00
438.26,7555.64,7634,792,100,1,6842,792,384.03,2023-11-21 15:00:00
267.36,4577.19,4615,839,100,1,3776,839,379.55,2023-11-21 16:00:00
388.37,6695.56,6767,746,100,1,6021,746,385.84,2023-11-21 17:00:00
382.95,6556.09,6617,853,100,1,5764,853,380.88,2023-11-21 18:00:00
308.2,5313.3,5373,686,100,1,4687,686,386.07,2023-11-21 19:00:00
217.1,3716.72,3749,596,100,1,3153,596,379.9,2023-11-21 20:00:00
198.42,3420.79,3456,642,100,1,2814,642,385.86,2023-11-21 21:00:00
194.68,3332.87,3362,600,100,1,2762,600,382.53,2023-11-21 22:00:00
186.77,3219.91,3251,508,100,1,2743,508,390.07,2023-11-21 23:00:00
416.01,7122.17,7187,481,100,1,6706,481,384.24,2023-11-22 00:00:00
181.92,3136.23,3168,459,100,1,2709,459,388.15,2023-11-22 01:00:00
175.06,2996.97,3026,458,100,1,2568,458,380.41,2023-11-22 02:00:00
189.74,3271.08,3304,386,100,1,2918,386,384.79,2023-11-22 03:00:00
166.76,2854.92,2880,453,100,1,2427,453,378.03,2023-11-22 04:00:00
157.17,2709.53,2737,547,100,1,2190,547,383.65,2023-11-22 05:00:00
196.2,3358.99,3394,721,100,1,2673,721,380.16,2023-11-22 06:00:00
194.35,3350.53,3385,728,93,1,2657,728,389.09,2023-11-22 07:00:00
226.07,3870.36,3910,660,100,1,3250,660,383.77,2023-11-22 08:00:00
241.36,4161.01,4210,721,100,1,3489,721,388.05,2023-11-22 09:00:00
229.99,3937.4,3979,941,100,1,3038,941,382.86,2023-11-22 10:00:00
235.74,4064.24,4108,880,100,1,3228,880,386.27,2023-11-22 11:00:00
262.39,4492.11,4535,903,100,1,3632,903,381.19,2023-11-22 12:00:00
245.02,4224.07,4267,851,100,1,3416,851,384.12,2023-11-22 13:00:00
333.3,5706.1,5760,792,100,1,4968,792,378.18,2023-11-22 14:00:00
217.23,3745.12,3783,634,100,1,3149,634,381.09,2023-11-22 15:00:00
208.14,3563.3,3597,750,100,1,2847,750,378.51,2023-11-22 16:00:00
212.85,3669.62,3707,830,100,1,2877,830,384.93,2023-11-22 17:00:00
236.37,4046.65,4090,874,100,1,3216,874,381.76,2023-11-22 18:00:00
257.84,4445.15,4494,963,100,1,3531,963,386.65,2023-11-22 19:00:00
302.56,5179.82,5229,850,100,1,4379,850,380.14,2023-11-22 20:00:00
234.05,4035.1,4080,345,100,1,3735,345,380.82,2023-11-22 21:00:00
238.3,4079.72,4120,216,100,1,3904,216,374.03,2023-11-22 22:00:00
190.5,3284.29,3320,164,100,1,3156,164,376.27,2023-11-22 23:00:00
213.03,3647.03,3683,206,100,1,3477,206,372.26,2023-11-23 00:00:00
422.06,7276.29,7355,237,100,1,7118,237,375.24,2023-11-23 01:00:00
175.38,3002.48,3029,143,100,1,2886,143,369.81,2023-11-23 02:00:00
192.0,3310.11,3346,231,100,1,3115,231,373.78,2023-11-23 03:00:00
194.57,3330.96,3364,255,100,1,3109,255,369.84,2023-11-23 04:00:00
171.57,2957.91,2991,279,100,1,2712,279,374.21,2023-11-23 05:00:00
200.43,3431.41,3464,558,100,1,2906,558,370.94,2023-11-23 06:00:00
212.22,3658.7,3700,530,100,1,3170,530,376.33,2023-11-23 07:00:00
214.44,3671.26,3711,501,100,1,3210,501,372.27,2023-11-23 08:00:00
215.21,3710.21,3755,499,100,1,3256,499,375.75,2023-11-23 09:00:00
246.0,4211.45,4255,802,100,1,3453,802,370.8,2023-11-23 10:00:00
230.36,3971.41,4018,663,100,1,3355,663,374.45,2023-11-23 11:00:00
233.53,3998.03,4036,605,100,1,3431,605,371.12,2023-11-23 12:00:00
331.3,5711.66,5776,692,100,1,5084,692,375.34,2023-11-23 13:00:00
269.53,4614.33,4664,582,100,1,4082,582,371.81,2023-11-23 14:00:00
366.73,6322.47,6399,609,100,1,5790,609,376.95,2023-11-23 15:00:00
366.73,6322.47,6399,609,100,1,5790,609,376.95,2023-11-23 15:00:00
366.73,6322.47,6399,609,100,1,5790,609,376.95,2023-11-23 15:00:00
1403.8,24201.5,24504,733,100,1,23771,733,382.05,2023-11-23 18:00:00
186.57,3194.13,3232,673,100,1,2559,673,375.61,2023-11-23 19:00:00
255.5,4404.74,4460,601,100,1,3859,601,379.72,2023-11-23 20:00:00
219.86,3764.01,3810,802,100,1,3008,802,375.59,2023-11-23 21:00:00
204.83,3531.27,3575,822,100,1,2753,822,380.53,2023-11-23 22:00:00
211.99,3629.35,3671,766,100,1,2905,766,377.17,2023-11-23 23:00:00
202.8,3496.31,3538,927,100,1,2611,927,382.26,2023-11-24 00:00:00
192.36,3293.26,3331,829,100,1,2502,829,378.96,2023-11-24 01:00:00
277.7,4787.55,4843,886,100,1,3957,886,384.76,2023-11-24 02:00:00
224.05,3835.69,3877,1101,100,1,2776,1101,382.59,2023-11-24 03:00:00
234.33,4039.88,4085,1308,100,1,2777,1308,387.97,2023-11-24 04:00:00
247.71,4240.83,4286,1525,100,1,2761,1525,385.37,2023-11-24 05:00:00
259.15,4467.74,4518,1619,100,1,2899,1619,390.27,2023-11-24 06:00:00
297.0,5084.72,5138,2380,100,1,2758,2380,388.88,2023-11-24 07:00:00
317.12,5467.16,5528,2662,100,1,2866,2662,397.46,2023-11-24 08:00:00
335.07,5736.33,5795,2929,93,1,2866,2929,395.11,2023-11-24 09:00:00
353.51,6094.55,6163,2909,100,1,3254,2909,397.44,2023-11-24 10:00:00
359.48,6154.24,6220,2592,100,1,3628,2592,391.29,2023-11-24 11:00:00
351.68,6062.96,6127,2274,100,1,3853,2274,396.69,2023-11-24 12:00:00
351.41,6016.16,6080,2486,100,1,3594,2486,392.19,2023-11-24 13:00:00
370.44,6386.36,6456,2375,100,1,4081,2375,395.17,2023-11-24 14:00:00
318.71,5456.38,5514,2243,100,1,3271,2243,391.53,2023-11-24 15:00:00
326.99,5637.39,5702,2254,93,1,3448,2254,397.85,2023-11-24 16:00:00
311.24,5328.4,5387,2253,100,1,3134,2253,395.59,2023-11-24 17:00:00
351.03,6051.7,6122,2751,100,1,3371,2751,399.33,2023-11-24 18:00:00
358.64,6139.87,6203,2944,100,1,3259,2944,396.77,2023-11-24 19:00:00
367.69,6338.98,6414,2789,100,1,3625,2789,403.78,2023-11-24 20:00:00
369.69,6329.09,6395,2747,100,1,3648,2747,399.61,2023-11-24 21:00:00
350.43,6041.34,6107,2271,100,1,3836,2271,402.56,2023-11-24 22:00:00
359.99,6162.96,6226,2602,93,1,3624,2602,398.24,2023-11-24 23:00:00
326.56,5629.97,5694,2296,100,1,3398,2296,402.84,2023-11-25 00:00:00
293.13,5018.38,5070,1823,100,1,3247,1823,396.44,2023-11-25 01:00:00
294.55,5078.03,5132,1874,100,1,3258,1874,398.27,2023-11-25 02:00:00
288.9,4945.95,4997,1777,100,1,3220,1777,392.37,2023-11-25 03:00:00
335.82,5789.61,5851,2466,100,1,3385,2466,399.14,2023-11-25 04:00:00
324.75,5559.71,5614,2424,100,1,3190,2424,394.54,2023-11-25 05:00:00
299.49,5163.24,5220,1800,100,1,3420,1800,395.3,2023-11-25 06:00:00
327.44,5605.83,5666,2170,95,1,3496,2170,398.41,2023-11-25 07:00:00
351.48,6059.55,6129,2686,100,1,3443,2686,404.72,2023-11-25 08:00:00
329.18,5635.48,5695,2495,100,1,3200,2495,401.53,2023-11-25 09:00:00
346.22,5968.85,6035,2453,100,1,3582,2453,404.3,2023-11-25 10:00:00
350.48,6000.2,6061,2426,100,1,3635,2426,396.88,2023-11-25 11:00:00
366.01,6310.05,6381,2302,100,1,4079,2302,400.9,2023-11-25 12:00:00
319.26,5465.76,5515,2031,100,1,3484,2031,394.23,2023-11-25 13:00:00
320.8,5530.65,5594,1957,100,1,3637,1957,398.28,2023-11-25 14:00:00
316.2,5413.31,5465,1829,97,1,3636,1829,393.2,2023-11-25 15:00:00
305.9,5273.66,5328,1816,98,1,3512,1816,397.17,2023-11-25 16:00:00
354.61,6070.99,6128,2253,100,1,3875,2253,393.32,2023-11-25 17:00:00
414.55,7146.84,7226,2911,100,1,4315,2911,398.74,2023-11-25 18:00:00
352.53,6035.26,6090,2077,100,1,4013,2077,394.92,2023-11-25 19:00:00
337.09,5811.51,5872,2065,100,1,3807,2065,400.27,2023-11-25 20:00:00
313.24,5362.66,5413,1896,100,1,3517,1896,395.82,2023-11-25 21:00:00
278.54,4801.99,4853,1662,100,1,3191,1662,402.92,2023-11-25 22:00:00
309.34,5295.92,5345,2033,100,1,3312,2033,402.17,2023-11-25 23:00:00
383.02,6603.29,6674,2743,93,1,3931,2743,410.9,2023-11-26 00:00:00
421.95,7223.78,7294,3146,100,1,4148,3146,406.5,2023-11-26 01:00:00
374.33,6453.38,6518,2559,100,1,3959,2559,408.92,2023-11-26 02:00:00
328.15,5617.94,5667,1912,100,1,3755,1912,400.53,2023-11-26 03:00:00
297.03,5120.77,5174,1761,100,1,3413,1761,401.77,2023-11-26 04:00:00
280.2,4797.01,4841,1787,100,1,3054,1787,399.25,2023-11-26 05:00:00
271.27,4676.71,4724,1688,100,1,3036,1688,400.61,2023-11-26 06:00:00
264.66,4530.94,4572,1664,100,1,2908,1664,402.59,2023-11-26 07:00:00
368.09,6345.82,6412,2767,93,1,3645,2767,411.0,2023-11-26 08:00:00
421.02,7207.92,7279,3331,100,1,3948,3331,409.57,2023-11-26 09:00:00
415.79,7168.26,7246,3288,100,1,3958,3288,417.03,2023-11-26 10:00:00
430.37,7367.99,7435,3415,100,1,4020,3415,413.63,2023-11-26 11:00:00
417.06,7190.13,7269,3124,100,1,4145,3124,417.34,2023-11-26 12:00:00
376.37,6443.53,6504,2653,100,1,3851,2653,407.61,2023-11-26 13:00:00
410.34,7074.31,7151,2692,93,1,4459,2692,409.07,2023-11-26 14:00:00
379.27,6493.09,6564,2393,100,1,4171,2393,403.16,2023-11-26 15:00:00
331.75,5719.4,5784,2026,100,1,3758,2026,404.86,2023-11-26 16:00:00
312.19,5344.76,5399,1825,100,1,3574,1825,397.3,2023-11-26 17:00:00
274.5,4732.43,4789,1416,100,1,3373,1416,400.21,2023-11-26 18:00:00
240.87,4123.66,4168,1145,100,1,3023,1145,395.18,2023-11-26 19:00:00
233.53,4026.08,4073,1102,100,1,2971,1102,396.68,2023-11-26 20:00:00
203.35,3481.41,3517,956,100,1,2561,956,390.63,2023-11-26 21:00:00
261.25,4503.99,4553,1079,100,1,3474,1079,396.19,2023-11-26 22:00:00
209.34,3583.85,3623,997,100,1,2626,997,388.84,2023-11-26 23:00:00
243.19,4192.64,4241,1140,100,1,3101,1140,394.62,2023-11-27 00:00:00
353.25,6047.72,6113,1080,100,1,5033,1080,390.98,2023-11-27 01:00:00
228.57,3940.62,3986,1005,100,1,2981,1005,392.69,2023-11-27 02:00:00
224.95,3851.22,3898,1007,93,1,2891,1007,386.11,2023-11-27 03:00:00
220.96,3809.43,3850,977,100,1,2873,977,391.11,2023-11-27 04:00:00
178.77,3060.61,3094,908,100,1,2186,908,388.9,2023-11-27 05:00:00
169.43,2921.05,2953,1013,100,1,1940,1013,396.16,2023-11-27 06:00:00
204.83,3506.73,3543,1348,100,1,2195,1348,393.39,2023-11-27 07:00:00
236.81,4082.58,4128,1740,100,1,2388,1740,395.15,2023-11-27 08:00:00
174.23,2982.83,3014,1030,100,1,1984,1030,389.24,2023-11-27 09:00:00
231.08,3983.76,4027,1274,100,1,2753,1274,390.99,2023-11-27 10:00:00
167.15,2861.55,2893,1260,100,1,1633,1260,387.5,2023-11-27 11:00:00
252.68,4356.23,4404,2074,100,1,2330,2074,388.7,2023-11-27 12:00:00
169.1,2895.02,2927,979,100,1,1948,979,385.8,2023-11-27 13:00:00
150.73,2598.56,2628,805,100,1,1823,805,388.85,2023-11-27 14:00:00
139.47,2387.68,2414,756,100,1,1658,756,383.73,2023-11-27 15:00:00
146.68,2528.79,2556,559,100,1,1997,559,383.37,2023-11-27 16:00:00
125.0,2139.95,2162,426,100,1,1736,426,379.97,2023-11-27 17:00:00
135.65,2338.55,2364,405,100,1,1959,405,381.72,2023-11-27 18:00:00
129.07,2209.65,2230,333,100,1,1897,333,380.39,2023-11-27 19:00:00
132.38,2282.24,2307,331,100,1,1976,331,383.73,2023-11-27 20:00:00
125.2,2143.5,2164,391,100,1,1773,391,381.04,2023-11-27 21:00:00
147.87,2549.25,2575,540,100,1,2035,540,385.61,2023-11-27 22:00:00
147.35,2522.58,2547,514,100,1,2033,514,382.81,2023-11-27 23:00:00
151.43,2610.67,2638,428,100,1,2210,428,384.06,2023-11-28 00:00:00
138.6,2372.83,2393,399,100,1,1994,399,381.07,2023-11-28 01:00:00
133.49,2301.33,2323,438,93,1,1885,438,382.91,2023-11-28 02:00:00
136.27,2332.89,2351,436,100,1,1915,436,379.83,2023-11-28 03:00:00
165.06,2845.7,2873,494,100,1,2379,494,382.35,2023-11-28 04:00:00
171.36,2933.65,2958,607,100,1,2351,607,379.66,2023-11-28 05:00:00
160.66,2769.73,2795,737,100,1,2058,737,384.06,2023-11-28 06:00:00
172.05,2945.52,2969,866,100,1,2103,866,382.4,2023-11-28 07:00:00
246.16,4243.86,4284,973,100,1,3311,973,389.37,2023-11-28 08:00:00
235.02,4023.48,4059,1007,100,1,3052,1007,383.69,2023-11-28 09:00:00
204.54,3526.23,3560,995,100,1,2565,995,387.11,2023-11-28 10:00:00
170.59,2920.56,2944,1013,100,1,1931,1013,383.37,2023-11-28 11:00:00
288.19,4968.35,5014,1646,100,1,3368,1646,390.98,2023-11-28 12:00:00
203.17,3478.26,3512,1100,100,1,2412,1100,383.49,2023-11-28 13:00:00
213.52,3681.02,3716,1040,100,1,2676,1040,385.97,2023-11-28 14:00:00
200.84,3438.34,3469,939,100,1,2530,939,380.61,2023-11-28 15:00:00
189.55,3267.86,3297,900,100,1,2397,900,384.98,2023-11-28 16:00:00
191.1,3271.62,3300,901,100,1,2399,901,379.53,2023-11-28 17:00:00
214.61,3699.83,3734,833,100,1,2901,833,383.57,2023-11-28 18:00:00
176.6,3023.4,3049,718,100,1,2331,718,376.39,2023-11-28 19:00:00
177.73,3064.05,3092,838,100,1,2254,838,378.97,2023-11-28 20:00:00
172.31,2950.0,2975,676,100,1,2299,676,376.66,2023-11-28 21:00:00
167.4,2885.97,2913,714,93,1,2199,714,380.04,2023-11-28 22:00:00
180.76,3094.54,3121,999,100,1,2122,999,378.33,2023-11-28 23:00:00
162.04,2793.64,2820,804,100,1,2016,804,380.98,2023-11-29 00:00:00
142.94,2447.13,2468,518,100,1,1950,518,376.86,2023-11-29 01:00:00
141.62,2441.54,2467,482,100,1,1985,482,378.81,2023-11-29 02:00:00
143.18,2451.31,2472,566,100,1,1906,566,375.17,2023-11-29 03:00:00
145.15,2502.31,2527,600,100,1,1927,600,378.54,2023-11-29 04:00:00
160.83,2753.35,2778,638,100,1,2140,638,376.67,2023-11-29 05:00:00
172.2,2968.69,2998,852,100,1,2146,852,382.11,2023-11-29 06:00:00
198.79,3403.23,3431,1190,100,1,2241,1190,380.4,2023-11-29 07:00:00
228.21,3934.42,3976,1385,100,1,2591,1385,385.96,2023-11-29 08:00:00
254.75,4361.39,4399,1566,100,1,2833,1566,383.48,2023-11-29 09:00:00
243.93,4205.41,4251,1670,100,1,2581,1670,388.58,2023-11-29 10:00:00
273.51,4682.43,4725,1806,100,1,2919,1806,390.09,2023-11-29 11:00:00
279.06,4811.01,4860,1961,100,1,2899,1961,396.7,2023-11-29 12:00:00
257.09,4401.4,4443,1520,100,1,2923,1520,390.39,2023-11-29 13:00:00
245.43,4231.28,4271,1514,93,1,2757,1514,393.4,2023-11-29 14:00:00
227.71,3898.34,3930,1360,100,1,2570,1360,389.64,2023-11-29 15:00:00
224.49,3870.12,3909,1262,100,1,2647,1262,394.48,2023-11-29 16:00:00
222.13,3802.81,3838,1168,100,1,2670,1168,391.21,2023-11-29 17:00:00
220.87,3807.82,3848,1075,100,1,2773,1075,393.95,2023-11-29 18:00:00
210.7,3607.11,3637,924,100,1,2713,924,390.43,2023-11-29 19:00:00
177.81,3065.46,3099,737,100,1,2362,737,396.57,2023-11-29 20:00:00
165.95,2841.1,2867,651,100,1,2216,651,395.21,2023-11-29 21:00:00
151.41,2610.33,2639,505,100,1,2134,505,396.99,2023-11-29 22:00:00
145.38,2488.98,2512,482,100,1,2030,482,390.69,2023-11-29 23:00:00
130.08,2242.5,2266,412,100,1,1854,412,391.76,2023-11-30 00:00:00
132.61,2270.23,2292,364,100,1,1928,364,386.09,2023-11-30 01:00:00
128.02,2207.06,2229,393,100,1,1836,393,388.07,2023-11-30 02:00:00
128.73,2203.79,2226,346,100,1,1880,346,382.69,2023-11-30 03:00:00
130.02,2241.51,2264,428,100,1,1836,428,384.94,2023-11-30 04:00:00
132.1,2261.52,2283,569,100,1,1714,569,381.91,2023-11-30 05:00:00
133.72,2305.31,2328,818,100,1,1510,818,388.74,2023-11-30 06:00:00
168.87,2891.13,2920,985,100,1,1935,985,388.27,2023-11-30 07:00:00
167.97,2895.76,2924,895,100,1,2029,895,389.64,2023-11-30 08:00:00
194.67,3332.76,3366,876,100,1,2490,876,385.7,2023-11-30 09:00:00
205.48,3542.52,3578,1001,100,1,2577,1001,388.33,2023-11-30 10:00:00
181.61,3109.15,3136,729,100,1,2407,729,383.46,2023-11-30 11:00:00
195.74,3374.62,3406,667,100,1,2739,667,383.8,2023-11-30 12:00:00
215.71,3692.87,3723,803,100,1,2920,803,379.51,2023-11-30 13:00:00
214.41,3696.4,3733,892,93,1,2841,892,383.53,2023-11-30 14:00:00
195.84,3352.76,3385,992,100,1,2393,992,380.7,2023-11-30 15:00:00
196.79,3392.66,3427,906,100,1,2521,906,382.89,2023-11-30 16:00:00
219.36,3755.5,3788,842,100,1,2946,842,379.59,2023-11-30 17:00:00
236.47,4076.72,4118,877,100,1,3241,877,382.05,2023-11-30 18:00:00
213.07,3647.84,3681,822,100,1,2859,822,379.02,2023-11-30 19:00:00
