TCcounts,TCmass,TCconc,AE33_BC6,AE33_ValidData,AE33_b,OC,EC,CO2,EndTimeUTC
330.97,5705.92,5762,3529,93,1,2233,3529,420.25,2023-06-30 20:00:00
366.88,6280.97,6344,4198,100,1,2146,4198,413.5,2023-06-30 21:00:00
370.58,6388.78,6450,3737,100,1,2713,3737,407.77,2023-06-30 22:00:00
286.39,4902.95,4955,2470,100,1,2485,2470,396.22,2023-06-30 23:00:00
266.18,4588.98,4637,1754,100,1,2883,1754,391.66,2023-07-01 00:00:00
225.99,3869.03,3909,1025,100,1,2884,1025,382.4,2023-07-01 01:00:00
216.71,3736.06,3774,791,100,1,2983,791,382.41,2023-07-01 02:00:00
218.04,3732.88,3769,787,100,1,2982,787,376.46,2023-07-01 03:00:00
232.55,4009.22,4048,749,100,1,3299,749,377.06,2023-07-01 04:00:00
225.12,3854.03,3893,743,100,1,3150,743,369.42,2023-07-01 05:00:00
234.66,4045.58,4085,774,100,1,3311,774,368.62,2023-07-01 06:00:00
239.87,4106.53,4147,756,100,1,3391,756,361.53,2023-07-01 07:00:00
227.61,3924.03,3962,605,100,1,3357,605,359.94,2023-07-01 08:00:00
242.57,4152.76,4192,498,93,1,3694,498,356.79,2023-07-01 09:00:00
249.45,4300.44,4341,611,100,1,3730,611,357.11,2023-07-01 10:00:00
241.02,4126.21,4166,483,100,1,3683,483,354.96,2023-07-01 11:00:00
249.74,4305.54,4350,479,100,1,3871,479,355.71,2023-07-01 12:00:00
245.49,4202.79,4241,543,100,1,3698,543,353.98,2023-07-01 13:00:00
244.98,4223.52,4265,600,100,1,3665,600,354.39,2023-07-01 14:00:00
261.11,4470.2,4515,516,100,1,3999,516,353.57,2023-07-01 15:00:00
422.25,7279.58,7357,738,100,1,6619,738,355.82,2023-07-01 16:00:00
248.8,4259.44,4300,1033,100,1,3267,1033,356.33,2023-07-01 17:00:00
269.95,4653.87,4698,1267,100,1,3431,1267,359.65,2023-07-01 18:00:00
235.47,4031.18,4066,804,100,1,3262,804,360.79,2023-07-01 19:00:00
239.9,4135.83,4179,795,100,1,3384,795,367.64,2023-07-01 20:00:00
239.54,4100.93,4139,1056,100,1,3083,1056,368.51,2023-07-01 21:00:00
262.68,4528.61,4574,1057,100,1,3517,1057,371.49,2023-07-01 22:00:00
261.82,4482.32,4525,968,100,1,3557,968,372.79,2023-07-01 23:00:00
272.61,4699.81,4746,1069,100,1,3677,1069,377.98,2023-07-02 00:00:00
246.65,4222.65,4260,740,100,1,3520,740,379.55,2023-07-02 01:00:00
263.86,4549.01,4591,1329,100,1,3262,1329,381.63,2023-07-02 02:00:00
224.85,3849.4,3885,849,100,1,3036,849,379.99,2023-07-02 03:00:00
188.37,3247.5,3279,422,100,1,2857,422,381.1,2023-07-02 04:00:00
243.47,4168.28,4207,477,100,1,3730,477,376.95,2023-07-02 05:00:00
221.29,3815.06,3850,528,100,1,3322,528,373.97,2023-07-02 06:00:00
209.74,3590.69,3623,485,100,1,3138,485,368.15,2023-07-02 07:00:00
187.41,3230.93,3267,445,93,1,2822,445,365.92,2023-07-02 08:00:00
194.52,3330.17,3360,435,100,1,2925,435,361.52,2023-07-02 09:00:00
209.87,3618.12,3655,436,100,1,3219,436,361.18,2023-07-02 10:00:00
201.23,3445.04,3478,423,100,1,3055,423,359.97,2023-07-02 11:00:00
207.69,3580.62,3618,354,100,1,3264,354,360.4,2023-07-02 12:00:00
214.95,3679.88,3714,443,100,1,3271,443,358.44,2023-07-02 13:00:00
213.23,3676.04,3715,396,100,1,3319,396,359.18,2023-07-02 14:00:00
225.41,3859.08,3894,449,100,1,3445,449,357.66,2023-07-02 15:00:00
215.74,3719.32,3759,463,100,1,3296,463,358.78,2023-07-02 16:00:00
240.39,4115.46,4155,615,100,1,3540,615,357.65,2023-07-02 17:00:00
263.99,4551.13,4593,845,100,1,3748,845,367.36,2023-07-02 18:00:00
279.7,4788.44,4834,1067,100,1,3767,1067,380.5,2023-07-02 19:00:00
275.41,4748.15,4793,1463,100,1,3330,1463,392.29,2023-07-02 20:00:00
335.44,5742.7,5798,2143,100,1,3655,2143,394.72,2023-07-02 21:00:00
368.96,6360.81,6421,2898,100,1,3523,2898,395.48,2023-07-02 22:00:00
306.96,5255.22,5301,1756,100,1,3545,1756,383.78,2023-07-02 23:00:00
291.61,5027.38,5077,1375,100,1,3702,1375,378.31,2023-07-03 00:00:00
290.07,4965.93,5014,1344,100,1,3670,1344,374.28,2023-07-03 01:00:00
294.8,5082.31,5131,1076,93,1,4055,1076,379.64,2023-07-03 02:00:00
292.82,5013.07,5054,845,100,1,4209,845,384.49,2023-07-03 03:00:00
277.39,4782.17,4831,853,100,1,3978,853,387.8,2023-07-03 04:00:00
249.23,4266.9,4304,831,100,1,3473,831,384.41,2023-07-03 05:00:00
217.61,3751.56,3789,683,100,1,3106,683,378.3,2023-07-03 06:00:00
196.56,3365.09,3394,577,100,1,2817,577,374.77,2023-07-03 07:00:00
193.96,3343.85,3377,597,100,1,2780,597,373.86,2023-07-03 08:00:00
170.45,2918.03,2948,536,100,1,2412,536,366.88,2023-07-03 09:00:00
214.43,3696.72,3735,491,100,1,3244,491,367.16,2023-07-03 10:00:00
182.7,3127.88,3160,542,100,1,2618,542,361.63,2023-07-03 11:00:00
165.31,2850.03,2880,474,100,1,2406,474,363.5,2023-07-03 12:00:00
172.85,2959.11,2987,433,100,1,2554,433,358.78,2023-07-03 13:00:00
179.52,3094.94,3126,405,100,1,2721,405,361.33,2023-07-03 14:00:00
180.29,3086.55,3115,406,100,1,2709,406,358.05,2023-07-03 15:00:00
172.4,2972.09,3002,445,100,1,2557,445,361.61,2023-07-03 16:00:00
197.1,3374.43,3405,612,100,1,2793,612,358.66,2023-07-03 17:00:00
196.13,3381.2,3410,579,100,1,2831,579,364.81,2023-07-03 18:00:00
213.23,3650.5,3681,816,100,1,2865,816,366.52,2023-07-03 19:00:00
229.39,3954.72,3992,1024,100,1,2968,1024,380.86,2023-07-03 20:00:00
251.7,4309.08,4348,1266,100,1,3082,1266,379.05,2023-07-03 21:00:00
257.65,4441.85,4484,1206,100,1,3278,1206,381.99,2023-07-03 22:00:00
242.12,4145.15,4185,1023,100,1,3162,1023,379.39,2023-07-03 23:00:00
243.11,4191.3,4229,1031,100,1,3198,1031,385.26,2023-07-04 00:00:00
281.73,4823.18,4869,1509,93,1,3360,1509,383.55,2023-07-04 01:00:00
267.7,4615.18,4661,1380,100,1,3281,1380,387.93,2023-07-04 02:00:00
245.98,4211.19,4247,1190,100,1,3057,1190,382.34,2023-07-04 03:00:00
246.11,4242.93,4283,1176,100,1,3107,1176,382.32,2023-07-04 04:00:00
255.31,4370.9,4412,1253,100,1,3159,1253,380.12,2023-07-04 05:00:00
251.77,4340.56,4381,1175,100,1,3206,1175,379.85,2023-07-04 06:00:00
241.02,4126.29,4161,789,100,1,3372,789,369.99,2023-07-04 07:00:00
228.43,3938.12,3975,601,100,1,3374,601,367.67,2023-07-04 08:00:00
227.58,3896.14,3936,603,100,1,3333,603,363.69,2023-07-04 09:00:00
226.53,3905.34,3947,601,100,1,3346,601,362.89,2023-07-04 10:00:00
209.91,3593.6,3627,462,100,1,3165,462,360.69,2023-07-04 11:00:00
219.07,3776.72,3815,482,100,1,3333,482,361.34,2023-07-04 12:00:00
222.44,3808.2,3843,440,100,1,3403,440,360.58,2023-07-04 13:00:00
251.39,4333.93,4380,434,100,1,3946,434,360.79,2023-07-04 14:00:00
231.32,3960.15,3999,468,100,1,3531,468,358.48,2023-07-04 15:00:00
223.5,3853.13,3894,470,100,1,3424,470,359.68,2023-07-04 16:00:00
242.8,4156.78,4192,617,100,1,3575,617,360.59,2023-07-04 17:00:00
260.02,4482.68,4529,876,100,1,3653,876,364.5,2023-07-04 18:00:00
303.29,5192.25,5240,1385,100,1,3855,1385,367.47,2023-07-04 19:00:00
348.8,6013.37,6074,1963,93,1,4111,1963,374.37,2023-07-04 20:00:00
347.35,5946.71,6001,2364,100,1,3637,2364,376.41,2023-07-04 21:00:00
330.36,5695.48,5752,1800,100,1,3952,1800,379.28,2023-07-04 22:00:00
293.5,5024.71,5069,1416,100,1,3653,1416,376.87,2023-07-04 23:00:00
354.62,6113.59,6177,1586,100,1,4591,1586,377.82,2023-07-05 00:00:00
389.2,6663.17,6726,1401,100,1,5325,1401,376.82,2023-07-05 01:00:00
286.03,4931.22,4980,1110,100,1,3870,1110,377.86,2023-07-05 02:00:00
297.28,5089.51,5135,1132,100,1,4003,1132,375.17,2023-07-05 03:00:00
313.36,5402.34,5455,1545,100,1,3910,1545,374.75,2023-07-05 04:00:00
361.7,6192.29,6246,1852,100,1,4394,1852,370.91,2023-07-05 05:00:00
320.57,5526.58,5586,1430,100,1,4156,1430,368.81,2023-07-05 06:00:00
349.73,5987.43,6043,1322,93,1,4721,1322,364.92,2023-07-05 07:00:00
299.1,5156.47,5210,929,100,1,4281,929,362.33,2023-07-05 08:00:00
371.17,6354.35,6412,844,100,1,5568,844,359.44,2023-07-05 09:00:00
533.68,9200.69,9296,1235,100,1,8061,1235,360.22,2023-07-05 10:00:00
512.21,8769.04,8848,1209,100,1,7639,1209,361.8,2023-07-05 11:00:00
469.02,8085.97,8170,1496,100,1,6674,1496,362.85,2023-07-05 12:00:00
2506.48,42911.0,43293,929,100,1,42364,929,361.03,2023-07-05 13:00:00
271.45,4679.88,4729,648,100,1,4081,648,361.88,2023-07-05 14:00:00
249.72,4275.26,4315,646,100,1,3669,646,359.67,2023-07-05 15:00:00
237.86,4100.66,4140,673,100,1,3467,673,361.54,2023-07-05 16:00:00
245.36,4200.63,4238,807,100,1,3431,807,360.94,2023-07-05 17:00:00
250.44,4317.56,4359,949,100,1,3410,949,365.17,2023-07-05 18:00:00
264.22,4523.4,4563,943,100,1,3620,943,367.44,2023-07-05 19:00:00
283.99,4896.01,4946,1234,100,1,3712,1234,371.45,2023-07-05 20:00:00
295.89,5065.69,5117,1237,100,1,3880,1237,369.51,2023-07-05 21:00:00
298.59,5147.64,5197,1149,100,1,4048,1149,369.79,2023-07-05 22:00:00
278.86,4774.16,4817,951,100,1,3866,951,367.74,2023-07-05 23:00:00
289.21,4986.01,5036,945,93,1,4091,945,371.71,2023-07-06 00:00:00
282.3,4832.9,4874,1114,100,1,3760,1114,374.26,2023-07-06 01:00:00
320.82,5530.88,5585,1690,100,1,3895,1690,384.42,2023-07-06 02:00:00
359.02,6146.42,6210,2250,100,1,3960,2250,381.17,2023-07-06 03:00:00
352.47,6076.59,6134,1922,100,1,4212,1922,379.01,2023-07-06 04:00:00
382.77,6553.07,6609,2191,100,1,4418,2191,374.04,2023-07-06 05:00:00
333.49,5749.32,5806,1534,100,1,4272,1534,369.28,2023-07-06 06:00:00
307.35,5261.85,5313,1294,100,1,4019,1294,371.23,2023-07-06 07:00:00
309.85,5341.81,5402,1125,100,1,4277,1125,367.72,2023-07-06 08:00:00
296.43,5074.95,5130,914,100,1,4216,914,357.43,2023-07-06 09:00:00
319.64,5510.66,5574,916,100,1,4658,916,355.52,2023-07-06 10:00:00
305.31,5226.88,5273,783,100,1,4490,783,350.29,2023-07-06 11:00:00
311.9,5377.15,5429,748,100,1,4681,748,351.4,2023-07-06 12:00:00
290.61,4975.28,5019,777,93,1,4242,777,349.35,2023-07-06 13:00:00
305.56,5267.81,5322,819,100,1,4503,819,350.86,2023-07-06 14:00:00
306.18,5241.78,5286,967,100,1,4319,967,348.85,2023-07-06 15:00:00
287.1,4949.59,4995,959,100,1,4036,959,351.63,2023-07-06 16:00:00
292.81,5012.98,5053,1117,100,1,3936,1117,352.38,2023-07-06 17:00:00
297.48,5128.57,5176,1370,100,1,3806,1370,358.57,2023-07-06 18:00:00
308.85,5287.51,5333,1572,100,1,3761,1572,364.19,2023-07-06 19:00:00
311.25,5365.91,5422,1593,100,1,3829,1593,368.47,2023-07-06 20:00:00
311.55,5333.72,5387,1614,100,1,3773,1614,363.74,2023-07-06 21:00:00
287.98,4964.71,5013,1393,100,1,3620,1393,369.24,2023-07-06 22:00:00
295.81,5064.27,5117,1385,100,1,3732,1385,368.13,2023-07-06 23:00:00
282.13,4863.93,4913,1273,100,1,3640,1273,372.97,2023-07-07 00:00:00
268.4,4595.03,4636,1169,100,1,3467,1169,369.02,2023-07-07 01:00:00
290.05,5000.42,5052,996,100,1,4056,996,374.85,2023-07-07 02:00:00
269.68,4616.99,4658,1111,93,1,3547,1111,371.15,2023-07-07 03:00:00
243.1,4191.05,4234,1043,100,1,3191,1043,375.05,2023-07-07 04:00:00
259.7,4445.98,4488,1142,100,1,3346,1142,370.7,2023-07-07 05:00:00
258.66,4459.22,4502,1284,100,1,3218,1284,374.0,2023-07-07 06:00:00
263.08,4503.94,4544,1331,100,1,3213,1331,366.22,2023-07-07 07:00:00
275.72,4753.38,4788,1563,100,1,3225,1563,369.68,2023-07-07 08:00:00
314.03,5376.26,5419,1677,100,1,3742,1677,371.18,2023-07-07 09:00:00
322.63,5562.23,5618,1962,100,1,3656,1962,372.35,2023-07-07 10:00:00
315.78,5406.12,5461,1759,100,1,3702,1759,366.61,2023-07-07 11:00:00
285.41,4920.55,4969,1483,100,1,3486,1483,367.04,2023-07-07 12:00:00
309.95,5306.36,5354,1763,100,1,3591,1763,364.19,2023-07-07 13:00:00
335.17,5778.25,5836,1799,100,1,4037,1799,366.55,2023-07-07 14:00:00
323.22,5533.52,5582,1782,93,1,3800,1782,368.49,2023-07-07 15:00:00
342.66,5907.45,5969,2316,100,1,3653,2316,373.3,2023-07-07 16:00:00
358.79,6142.4,6196,2408,100,1,3788,2408,378.05,2023-07-07 17:00:00
385.86,6652.2,6714,2645,100,1,4069,2645,381.54,2023-07-07 18:00:00
310.47,5315.23,5367,1718,100,1,3649,1718,381.26,2023-07-07 19:00:00
304.02,5241.28,5294,1496,100,1,3798,1496,389.88,2023-07-07 20:00:00
322.36,5518.75,5575,1994,100,1,3581,1994,390.07,2023-07-07 21:00:00
382.56,6595.27,6657,1778,100,1,4879,1778,389.88,2023-07-07 22:00:00
300.04,5136.63,5186,1414,100,1,3772,1414,386.31,2023-07-07 23:00:00
287.32,4953.33,5005,1331,93,1,3674,1331,387.67,2023-07-08 00:00:00
291.9,4997.33,5042,1199,100,1,3843,1199,385.6,2023-07-08 01:00:00
298.55,5147.08,5197,1070,100,1,4127,1070,385.49,2023-07-08 02:00:00
301.34,5158.99,5208,1158,100,1,4050,1158,384.84,2023-07-08 03:00:00
311.53,5370.83,5422,1055,100,1,4367,1055,385.56,2023-07-08 04:00:00
298.45,5109.52,5156,1064,100,1,4092,1064,381.84,2023-07-08 05:00:00
291.79,5030.43,5077,1194,100,1,3883,1194,381.23,2023-07-08 06:00:00
291.2,4985.31,5030,1388,100,1,3642,1388,378.38,2023-07-08 07:00:00
280.07,4828.48,4875,1247,100,1,3628,1247,376.74,2023-07-08 08:00:00
290.49,4973.26,5020,1192,100,1,3828,1192,372.57,2023-07-08 09:00:00
289.35,4988.42,5039,1108,100,1,3931,1108,370.16,2023-07-08 10:00:00
271.1,4641.18,4684,821,100,1,3863,821,363.81,2023-07-08 11:00:00
218.2,3761.8,3799,635,100,1,3164,635,363.69,2023-07-08 12:00:00
213.76,3659.53,3694,610,100,1,3084,610,360.65,2023-07-08 13:00:00
233.4,4023.83,4066,644,100,1,3422,644,359.36,2023-07-08 14:00:00
221.63,3794.25,3830,570,100,1,3260,570,356.35,2023-07-08 15:00:00
220.64,3803.91,3840,673,100,1,3167,673,356.82,2023-07-08 16:00:00
227.24,3890.41,3926,665,100,1,3261,665,362.88,2023-07-08 17:00:00
236.24,4072.78,4112,745,100,1,3367,745,374.2,2023-07-08 18:00:00
260.62,4461.79,4502,1055,93,1,3447,1055,378.36,2023-07-08 19:00:00
287.65,4959.14,5010,1385,100,1,3625,1385,391.62,2023-07-08 20:00:00
309.11,5292.01,5342,1952,100,1,3390,1952,395.47,2023-07-08 21:00:00
364.13,6277.62,6338,2720,100,1,3618,2720,401.03,2023-07-08 22:00:00
414.56,7097.24,7164,3171,100,1,3993,3171,409.34,2023-07-08 23:00:00
443.67,7648.8,7727,3419,100,1,4308,3419,410.94,2023-07-09 00:00:00
450.84,7718.43,7795,3652,100,1,4143,3652,415.46,2023-07-09 01:00:00
504.97,8705.69,8787,4897,93,1,3890,4897,424.83,2023-07-09 02:00:00
587.96,10065.83,10152,5674,100,1,4478,5674,421.57,2023-07-09 03:00:00
550.7,9494.1,9589,4747,100,1,4842,4747,415.51,2023-07-09 04:00:00
526.39,9011.73,9104,4180,100,1,4924,4180,398.8,2023-07-09 05:00:00
349.1,6018.55,6075,1777,93,1,4298,1777,381.64,2023-07-09 06:00:00
226.15,3871.74,3907,645,100,1,3262,645,369.64,2023-07-09 07:00:00
211.02,3637.91,3673,583,100,1,3090,583,366.74,2023-07-09 08:00:00
221.27,3788.2,3826,628,100,1,3198,628,359.84,2023-07-09 09:00:00
232.56,4009.42,4052,667,100,1,3385,667,360.56,2023-07-09 10:00:00
226.76,3882.1,3921,580,100,1,3341,580,356.39,2023-07-09 11:00:00
233.11,4018.79,4061,631,100,1,3430,631,358.51,2023-07-09 12:00:00
219.97,3765.9,3802,577,100,1,3225,577,354.41,2023-07-09 13:00:00
230.66,3976.5,4020,594,100,1,3426,594,357.29,2023-07-09 14:00:00
226.36,3875.24,3915,545,100,1,3370,545,354.14,2023-07-09 15:00:00
213.16,3674.8,3714,542,100,1,3172,542,357.78,2023-07-09 16:00:00
214.72,3676.02,3708,564,100,1,3144,564,355.32,2023-07-09 17:00:00
199.96,3447.39,3481,608,100,1,2873,608,361.16,2023-07-09 18:00:00
209.28,3582.9,3615,650,100,1,2965,650,358.84,2023-07-09 19:00:00
193.75,3340.23,3372,588,100,1,2784,588,362.13,2023-07-09 20:00:00
180.1,3083.27,3114,492,100,1,2622,492,359.7,2023-07-09 21:00:00
197.43,3403.63,3438,642,100,1,2796,642,365.94,2023-07-09 22:00:00
212.57,3639.15,3672,668,100,1,3004,668,363.18,2023-07-09 23:00:00
220.91,3808.55,3846,502,100,1,3344,502,368.76,2023-07-10 00:00:00
197.29,3377.61,3409,483,100,1,2926,483,367.15,2023-07-10 01:00:00
188.25,3245.45,3276,521,100,1,2755,521,371.54,2023-07-10 02:00:00
157.35,2693.86,2718,342,100,1,2376,342,368.95,2023-07-10 03:00:00
158.32,2729.51,2757,346,100,1,2411,346,371.3,2023-07-10 04:00:00
192.09,3288.53,3321,407,100,1,2914,407,363.74,2023-07-10 05:00:00
169.26,2917.99,2948,403,100,1,2545,403,364.96,2023-07-10 06:00:00
168.62,2886.7,2912,435,100,1,2477,435,358.05,2023-07-10 07:00:00
160.81,2772.32,2798,405,100,1,2393,405,357.51,2023-07-10 08:00:00
168.21,2879.72,2906,399,100,1,2507,399,355.96,2023-07-10 09:00:00
183.71,3167.19,3199,359,100,1,2840,359,356.39,2023-07-10 10:00:00
183.71,3167.19,3199,359,100,1,2840,359,356.39,2023-07-10 10:00:00
209.14,3605.56,3646,472,100,1,3174,472,357.47,2023-07-10 12:00:00
193.6,3314.5,3346,404,93,1,2942,404,356.91,2023-07-10 13:00:00
164.34,2833.27,2861,540,100,1,2321,540,358.89,2023-07-10 14:00:00
163.58,2800.47,2830,519,100,1,2311,519,359.78,2023-07-10 15:00:00
167.54,2888.42,2918,583,100,1,2335,583,361.84,2023-07-10 16:00:00
163.56,2800.19,2829,587,100,1,2242,587,361.39,2023-07-10 17:00:00
173.57,2992.42,3021,629,100,1,2392,629,364.01,2023-07-10 18:00:00
173.74,2974.45,3002,598,100,1,2404,598,361.82,2023-07-10 19:00:00
169.74,2926.25,2956,574,100,1,2382,574,362.23,2023-07-10 20:00:00
172.57,2954.39,2981,492,100,1,2489,492,360.48,2023-07-10 21:00:00
163.55,2819.66,2849,398,100,1,2451,398,363.08,2023-07-10 22:00:00
158.41,2711.96,2737,402,100,1,2335,402,362.5,2023-07-10 23:00:00
151.91,2618.93,2648,360,100,1,2288,360,364.23,2023-07-11 00:00:00
147.84,2530.94,2552,315,100,1,2237,315,362.86,2023-07-11 01:00:00
142.89,2463.45,2491,233,100,1,2258,233,364.1,2023-07-11 02:00:00
129.29,2213.5,2234,277,100,1,1957,277,362.11,2023-07-11 03:00:00
129.36,2230.19,2251,296,100,1,1955,296,363.58,2023-07-11 04:00:00
138.88,2377.55,2400,392,100,1,2008,392,361.13,2023-07-11 05:00:00
141.31,2436.12,2460,388,100,1,2072,388,362.7,2023-07-11 06:00:00
150.89,2583.22,2609,470,100,1,2139,470,361.21,2023-07-11 07:00:00
161.29,2780.61,2811,642,100,1,2169,642,361.58,2023-07-11 08:00:00
165.45,2832.58,2859,670,100,1,2189,670,358.93,2023-07-11 09:00:00
160.73,2771.03,2801,601,100,1,2200,601,358.32,2023-07-11 10:00:00
162.78,2786.78,2813,571,100,1,2242,571,354.93,2023-07-11 11:00:00
163.38,2816.66,2847,508,100,1,2339,508,354.44,2023-07-11 12:00:00
165.22,2828.65,2854,496,100,1,2358,496,353.9,2023-07-11 13:00:00
168.01,2896.56,2925,714,100,1,2211,714,355.68,2023-07-11 14:00:00
151.92,2600.91,2625,455,100,1,2170,455,354.08,2023-07-11 15:00:00
144.96,2499.12,2522,526,100,1,1996,526,356.24,2023-07-11 16:00:00
151.53,2594.12,2619,548,100,1,2071,548,356.47,2023-07-11 17:00:00
140.57,2423.42,2449,528,100,1,1921,528,361.03,2023-07-11 18:00:00
168.83,2890.45,2918,758,100,1,2160,758,362.34,2023-07-11 19:00:00
172.0,2965.22,2993,731,100,1,2262,731,363.17,2023-07-11 20:00:00
151.92,2600.88,2624,504,100,1,2120,504,360.88,2023-07-11 21:00:00
146.91,2532.66,2560,407,100,1,2153,407,361.09,2023-07-11 22:00:00
158.49,2713.41,2738,455,95,1,2283,455,359.44,2023-07-11 23:00:00
155.03,2672.77,2702,360,100,1,2342,360,361.17,2023-07-12 00:00:00
160.59,2749.24,2775,433,100,1,2342,433,360.73,2023-07-12 01:00:00
163.45,2817.84,2845,395,100,1,2450,395,363.48,2023-07-12 02:00:00
155.63,2664.38,2689,329,100,1,2360,329,363.03,2023-07-12 03:00:00
145.24,2504.02,2530,398,100,1,2132,398,364.98,2023-07-12 04:00:00
192.79,3300.5,3329,1117,100,1,2212,1117,363.41,2023-07-12 05:00:00
207.33,3574.42,3609,1463,100,1,2146,1463,363.75,2023-07-12 06:00:00
190.14,3255.16,3281,688,100,1,2593,688,362.33,2023-07-12 07:00:00
181.19,3123.66,3157,793,100,1,2364,793,362.35,2023-07-12 08:00:00
187.81,3215.29,3244,844,100,1,2400,844,355.35,2023-07-12 09:00:00
179.21,3089.61,3120,577,100,1,2543,577,356.28,2023-07-12 10:00:00
182.16,3118.62,3147,507,100,1,2640,507,351.77,2023-07-12 11:00:00
167.42,2886.33,2914,507,100,1,2407,507,354.2,2023-07-12 12:00:00
181.81,3112.65,3141,579,100,1,2562,579,351.1,2023-07-12 13:00:00
172.31,2970.67,3001,550,100,1,2451,550,353.98,2023-07-12 14:00:00
189.52,3244.59,3275,567,100,1,2708,567,349.92,2023-07-12 15:00:00
185.79,3202.94,3234,663,100,1,2571,663,353.07,2023-07-12 16:00:00
162.67,2784.94,2810,467,100,1,2343,467,353.67,2023-07-12 17:00:00
374.12,6449.88,6510,2744,100,1,3766,2744,360.72,2023-07-12 18:00:00
227.8,3899.97,3933,1289,100,1,2644,1289,360.37,2023-07-12 19:00:00
210.91,3636.03,3672,1155,100,1,2517,1155,365.0,2023-07-12 20:00:00
209.27,3582.75,3619,943,100,1,2676,943,361.6,2023-07-12 21:00:00
185.66,3200.7,3235,735,100,1,2500,735,366.97,2023-07-12 22:00:00
197.46,3380.43,3413,768,100,1,2645,768,364.98,2023-07-12 23:00:00
173.82,2996.7,3025,565,100,1,2460,565,372.14,2023-07-13 00:00:00
193.69,3316.02,3347,829,93,1,2518,829,369.1,2023-07-13 01:00:00
178.86,3083.5,3116,726,100,1,2390,726,374.75,2023-07-13 02:00:00
193.19,3307.44,3338,785,100,1,2553,785,372.7,2023-07-13 03:00:00
204.87,3532.03,3565,1035,100,1,2530,1035,377.17,2023-07-13 04:00:00
221.36,3789.61,3827,1199,100,1,2628,1199,373.79,2023-07-13 05:00:00
242.66,4183.54,4226,1205,100,1,3021,1205,375.51,2023-07-13 06:00:00
243.0,4160.15,4203,953,100,1,3250,953,367.27,2023-07-13 07:00:00
237.15,4088.46,4127,1216,100,1,2911,1216,365.7,2023-07-13 08:00:00
237.7,4069.42,4104,1276,100,1,2828,1276,363.84,2023-07-13 09:00:00
244.09,4208.07,4251,1371,100,1,2880,1371,364.28,2023-07-13 10:00:00
244.83,4191.45,4228,1288,100,1,2940,1288,363.36,2023-07-13 11:00:00
246.14,4243.51,4285,1347,100,1,2938,1347,366.15,2023-07-13 12:00:00
254.44,4355.98,4396,1361,100,1,3035,1361,363.39,2023-07-13 13:00:00
255.02,4396.62,4440,1521,100,1,2919,1521,366.15,2023-07-13 14:00:00
259.85,4448.67,4491,1524,100,1,2967,1524,365.08,2023-07-13 15:00:00
251.35,4333.21,4377,1480,93,1,2897,1480,367.68,2023-07-13 16:00:00
281.03,4811.2,4854,2003,100,1,2851,2003,366.64,2023-07-13 17:00:00
236.88,4083.73,4123,1398,100,1,2725,1398,368.48,2023-07-13 18:00:00
256.64,4393.67,4433,1403,100,1,3030,1403,366.85,2023-07-13 19:00:00
233.82,4031.04,4070,1042,100,1,3028,1042,368.21,2023-07-13 20:00:00
218.48,3740.42,3774,873,100,1,2901,873,366.3,2023-07-13 21:00:00
181.74,3133.12,3163,576,100,1,2587,576,368.42,2023-07-13 22:00:00
215.35,3686.79,3722,767,100,1,2955,767,368.48,2023-07-13 23:00:00
204.15,3519.53,3556,772,100,1,2784,772,372.0,2023-07-14 00:00:00
245.33,4200.05,4239,1070,100,1,3169,1070,371.64,2023-07-14 01:00:00
205.94,3550.41,3585,758,100,1,2827,758,374.78,2023-07-14 02:00:00
203.05,3476.29,3508,667,100,1,2841,667,373.8,2023-07-14 03:00:00
177.9,3066.91,3097,523,100,1,2574,523,375.26,2023-07-14 04:00:00
172.96,2961.11,2990,647,100,1,2343,647,375.19,2023-07-14 05:00:00
197.0,3396.22,3431,922,100,1,2509,922,374.06,2023-07-14 06:00:00
203.34,3481.2,3507,981,100,1,2526,981,372.11,2023-07-14 07:00:00
200.16,3450.83,3486,970,100,1,2516,970,374.24,2023-07-14 08:00:00
193.98,3320.95,3353,984,100,1,2369,984,369.97,2023-07-14 09:00:00
203.44,3507.26,3543,1127,100,1,2416,1127,370.28,2023-07-14 10:00:00
194.87,3336.11,3367,1115,93,1,2252,1115,368.27,2023-07-14 11:00:00
193.47,3335.43,3368,1047,100,1,2321,1047,369.56,2023-07-14 12:00:00
204.26,3496.87,3529,925,100,1,2604,925,365.96,2023-07-14 13:00:00
195.69,3373.66,3402,853,100,1,2549,853,368.35,2023-07-14 14:00:00
225.72,3864.28,3898,1140,100,1,2758,1140,368.79,2023-07-14 15:00:00
217.91,3756.78,3796,1381,100,1,2415,1381,372.24,2023-07-14 16:00:00
325.41,5571.0,5628,2436,100,1,3192,2436,378.29,2023-07-14 17:00:00
407.29,7021.74,7094,3018,100,1,4076,3018,396.76,2023-07-14 18:00:00
349.96,5991.35,6052,2969,100,1,3083,2969,410.38,2023-07-14 19:00:00
381.88,6583.59,6650,3787,100,1,2863,3787,412.42,2023-07-14 20:00:00
363.61,6225.0,6287,3510,93,1,2777,3510,401.11,2023-07-14 21:00:00
319.48,5507.78,5561,2390,100,1,3171,2390,394.3,2023-07-14 22:00:00
282.78,4841.27,4892,1718,100,1,3174,1718,386.38,2023-07-14 23:00:00
248.64,4286.56,4331,1366,100,1,2965,1366,384.04,2023-07-15 00:00:00
257.76,4412.84,4455,1145,100,1,3310,1145,381.15,2023-07-15 01:00:00
226.66,3907.59,3947,840,100,1,3107,840,378.75,2023-07-15 02:00:00
151.48,2593.36,2617,433,100,1,2184,433,373.98,2023-07-15 03:00:00
144.89,2497.84,2523,430,100,1,2093,430,374.06,2023-07-15 04:00:00
146.85,2514.13,2538,612,100,1,1926,612,372.44,2023-07-15 05:00:00
167.03,2879.61,2910,767,100,1,2143,767,368.61,2023-07-15 06:00:00
180.16,3084.27,3108,972,100,1,2136,972,372.49,2023-07-15 07:00:00
173.14,2984.87,3018,910,100,1,2108,910,382.03,2023-07-15 08:00:00
177.59,3040.4,3071,1035,100,1,2036,1035,373.02,2023-07-15 09:00:00
172.61,2975.82,3005,790,100,1,2215,790,371.41,2023-07-15 10:00:00
178.3,3052.49,3081,668,100,1,2413,668,363.03,2023-07-15 11:00:00
165.52,2853.62,2885,647,100,1,2238,647,363.3,2023-07-15 12:00:00
174.94,2994.93,3023,667,100,1,2356,667,358.0,2023-07-15 13:00:00
179.6,3096.38,3129,523,100,1,2606,523,359.64,2023-07-15 14:00:00
198.76,3402.77,3434,620,95,1,2814,620,357.21,2023-07-15 15:00:00
197.42,3403.57,3436,750,100,1,2686,750,360.96,2023-07-15 16:00:00
225.73,3864.42,3899,775,100,1,3124,775,358.42,2023-07-15 17:00:00
252.52,4353.37,4398,1381,100,1,3017,1381,368.38,2023-07-15 18:00:00
257.74,4412.52,4453,1551,100,1,2902,1551,370.05,2023-07-15 19:00:00
276.15,4760.89,4807,1486,100,1,3321,1486,371.59,2023-07-15 20:00:00
284.7,4874.05,4920,1278,100,1,3642,1278,368.65,2023-07-15 21:00:00
298.06,5138.51,5188,1443,100,1,3745,1443,373.48,2023-07-15 22:00:00
297.1,5086.31,5137,1515,100,1,3622,1515,373.08,2023-07-15 23:00:00
270.72,4667.19,4711,1375,100,1,3336,1375,378.7,2023-07-16 00:00:00
237.21,4061.07,4099,919,100,1,3180,919,375.65,2023-07-16 01:00:00
223.45,3852.29,3888,900,100,1,2988,900,381.41,2023-07-16 02:00:00
224.58,3844.75,3881,962,100,1,2919,962,377.9,2023-07-16 03:00:00
206.92,3567.38,3603,719,100,1,2884,719,379.95,2023-07-16 04:00:00
219.96,3765.72,3801,757,100,1,3044,757,374.14,2023-07-16 05:00:00
225.97,3895.7,3936,778,100,1,3158,778,372.91,2023-07-16 06:00:00
266.66,4565.2,4608,877,95,1,3731,877,366.19,2023-07-16 07:00:00
236.92,4084.5,4120,810,100,1,3310,810,365.26,2023-07-16 08:00:00
218.59,3742.2,3778,686,100,1,3092,686,362.95,2023-07-16 09:00:00
213.46,3680.09,3714,578,100,1,3136,578,362.71,2023-07-16 10:00:00
189.84,3249.99,3279,480,100,1,2799,480,360.52,2023-07-16 11:00:00
188.12,3243.14,3275,451,100,1,2824,451,361.12,2023-07-16 12:00:00
198.91,3405.41,3438,493,100,1,2945,493,358.49,2023-07-16 13:00:00
190.75,3288.55,3320,509,100,1,2811,509,357.63,2023-07-16 14:00:00
205.83,3523.79,3560,512,100,1,3048,512,354.82,2023-07-16 15:00:00
200.86,3462.89,3498,542,100,1,2956,542,355.13,2023-07-16 16:00:00
197.05,3373.54,3405,557,100,1,2848,557,354.53,2023-07-16 17:00:00
210.77,3633.64,3669,769,100,1,2900,769,358.79,2023-07-16 18:00:00
230.61,3948.1,3986,1002,100,1,2984,1002,369.04,2023-07-16 19:00:00
234.86,4049.02,4092,1338,100,1,2754,1338,378.38,2023-07-16 20:00:00
267.36,4577.15,4615,1548,100,1,3067,1548,384.24,2023-07-16 21:00:00
295.23,5089.77,5145,1892,100,1,3253,1892,394.04,2023-07-16 22:00:00
360.2,6166.6,6225,2847,100,1,3378,2847,395.82,2023-07-16 23:00:00
349.87,6031.76,6088,2945,95,1,3143,2945,396.73,2023-07-17 00:00:00
367.77,6296.23,6356,3137,100,1,3219,3137,399.16,2023-07-17 01:00:00
347.85,5996.93,6065,2801,100,1,3264,2801,399.02,2023-07-17 02:00:00
441.95,7566.2,7638,4263,100,1,3375,4263,394.18,2023-07-17 03:00:00
346.84,5979.5,6042,2393,100,1,3649,2393,389.39,2023-07-17 04:00:00
326.26,5585.52,5636,2113,100,1,3523,2113,381.9,2023-07-17 05:00:00
307.53,5301.75,5350,1809,95,1,3541,1809,377.46,2023-07-17 06:00:00
247.28,4233.51,4275,1056,100,1,3219,1056,366.55,2023-07-17 07:00:00
231.16,3985.17,4025,764,100,1,3261,764,361.27,2023-07-17 08:00:00
241.39,4132.55,4174,662,100,1,3512,662,356.59,2023-07-17 09:00:00
241.9,4170.32,4212,841,100,1,3371,841,355.66,2023-07-17 10:00:00
261.47,4476.43,4519,723,100,1,3796,723,353.63,2023-07-17 11:00:00
234.99,4051.24,4093,650,100,1,3443,650,354.37,2023-07-17 12:00:00
224.97,3851.53,3889,573,100,1,3316,573,353.25,2023-07-17 13:00:00
241.73,4167.44,4213,595,100,1,3618,595,354.47,2023-07-17 14:00:00
223.83,3832.02,3871,535,100,1,3336,535,353.81,2023-07-17 15:00:00
232.09,4001.31,4042,663,100,1,3379,663,356.72,2023-07-17 16:00:00
370.71,6346.61,6402,1132,100,1,5270,1132,368.81,2023-07-17 17:00:00
259.85,4479.77,4524,1102,100,1,3422,1102,387.99,2023-07-17 18:00:00
296.35,5073.58,5119,1674,100,1,3445,1674,405.63,2023-07-17 19:00:00
306.03,5275.91,5331,1742,100,1,3589,1742,413.03,2023-07-17 20:00:00
354.81,6074.32,6129,2064,100,1,4065,2064,407.41,2023-07-17 21:00:00
387.69,6683.77,6752,2684,95,1,4068,2684,410.09,2023-07-17 22:00:00
879.01,15048.62,15201,2912,100,1,12289,2912,407.73,2023-07-17 23:00:00
361.39,6230.42,6290,2497,100,1,3793,2497,396.93,2023-07-18 00:00:00
332.71,5695.95,5752,1746,100,1,4006,1746,391.05,2023-07-18 01:00:00
325.55,5612.44,5671,1668,100,1,4003,1668,401.51,2023-07-18 02:00:00
347.63,5951.43,6009,2178,100,1,3831,2178,400.8,2023-07-18 03:00:00
421.86,7272.88,7350,1725,100,1,5625,1725,394.19,2023-07-18 04:00:00
735.83,12597.46,12712,1840,100,1,10872,1840,386.14,2023-07-18 05:00:00
2606.15,44930.1,45426,1685,100,1,43741,1685,385.26,2023-07-18 06:00:00
390.54,6685.97,6760,2001,95,1,4759,2001,380.91,2023-07-18 07:00:00
506.19,8726.68,8830,2221,100,1,6609,2221,372.95,2023-07-18 08:00:00
380.63,6516.44,6582,1788,100,1,4794,1788,364.68,2023-07-18 09:00:00
367.59,6337.26,6411,1588,100,1,4823,1588,361.61,2023-07-18 10:00:00
381.63,6533.52,6603,1436,100,1,5167,1436,357.64,2023-07-18 11:00:00
327.88,5652.58,5705,1305,100,1,4400,1305,364.78,2023-07-18 12:00:00
337.29,5774.48,5832,1653,100,1,4179,1653,366.77,2023-07-18 13:00:00
505.62,8716.93,8813,1659,100,1,7154,1659,368.37,2023-07-18 14:00:00
340.36,5826.94,5888,1613,100,1,4275,1613,368.95,2023-07-18 15:00:00
359.94,6205.3,6279,2266,100,1,4013,2266,376.16,2023-07-18 16:00:00
324.26,5551.27,5608,2044,93,1,3564,2044,369.65,2023-07-18 17:00:00
238.06,4104.14,4151,1174,100,1,2977,1174,376.66,2023-07-18 18:00:00
239.18,4094.82,4138,1252,100,1,2886,1252,372.93,2023-07-18 19:00:00
191.3,3298.06,3334,781,100,1,2553,781,374.26,2023-07-18 20:00:00
150.96,2584.49,2612,302,100,1,2310,302,368.4,2023-07-18 21:00:00
181.46,3128.35,3163,161,100,1,3002,161,370.02,2023-07-18 22:00:00
105.91,1813.18,1832,130,100,1,1702,130,366.85,2023-07-18 23:00:00
101.99,1758.27,1776,152,100,1,1624,152,371.86,2023-07-19 00:00:00
97.11,1662.44,1679,173,100,1,1506,173,370.65,2023-07-19 01:00:00
95.12,1639.95,1658,226,100,1,1432,226,372.78,2023-07-19 02:00:00
106.14,1817.12,1835,130,100,1,1705,130,366.7,2023-07-19 03:00:00
96.3,1660.15,1676,187,100,1,1489,187,369.18,2023-07-19 04:00:00
130.35,2231.51,2252,414,100,1,1838,414,365.58,2023-07-19 05:00:00
140.7,2425.59,2447,510,100,1,1937,510,368.59,2023-07-19 06:00:00
145.75,2495.31,2516,530,100,1,1986,530,363.78,2023-07-19 07:00:00
181.82,3134.64,3163,689,100,1,2474,689,366.32,2023-07-19 08:00:00
150.91,2583.57,2607,779,100,1,1828,779,362.84,2023-07-19 09:00:00
146.92,2532.84,2559,665,100,1,1894,665,363.03,2023-07-19 10:00:00
146.52,2508.51,2533,516,100,1,2017,516,359.42,2023-07-19 11:00:00
140.95,2430.01,2454,478,100,1,1976,478,358.79,2023-07-19 12:00:00
139.35,2385.59,2408,462,100,1,1946,462,356.29,2023-07-19 13:00:00
141.3,2436.02,2460,429,100,1,2031,429,356.11,2023-07-19 14:00:00
165.03,2825.39,2852,438,100,1,2414,438,354.76,2023-07-19 15:00:00
141.02,2431.23,2457,448,100,1,2009,448,356.17,2023-07-19 16:00:00
151.68,2596.8,2619,497,100,1,2122,497,355.39,2023-07-19 17:00:00
154.04,2655.73,2681,496,100,1,2185,496,357.64,2023-07-19 18:00:00
152.07,2603.39,2626,434,100,1,2192,434,357.36,2023-07-19 19:00:00
136.73,2357.21,2380,408,100,1,1972,408,359.78,2023-07-19 20:00:00
149.61,2561.29,2583,413,100,1,2170,413,359.62,2023-07-19 21:00:00
141.27,2435.41,2459,362,100,1,2097,362,361.72,2023-07-19 22:00:00
135.37,2317.46,2337,334,100,1,2003,334,361.37,2023-07-19 23:00:00
127.66,2200.82,2223,286,100,1,1937,286,364.9,2023-07-20 00:00:00
140.16,2399.57,2422,285,100,1,2137,285,365.12,2023-07-20 01:00:00
138.87,2394.07,2420,328,100,1,2092,328,367.25,2023-07-20 02:00:00
145.96,2498.92,2522,362,100,1,2160,362,367.08,2023-07-20 03:00:00
143.72,2477.68,2503,394,100,1,2109,394,367.33,2023-07-20 04:00:00
159.45,2729.83,2754,493,100,1,2261,493,363.24,2023-07-20 05:00:00
167.66,2890.41,2918,513,100,1,2405,513,363.67,2023-07-20 06:00:00
151.12,2587.16,2609,495,95,1,2114,495,360.78,2023-07-20 07:00:00
158.45,2731.64,2758,443,100,1,2315,443,361.62,2023-07-20 08:00:00
162.32,2778.99,2806,548,100,1,2258,548,358.65,2023-07-20 09:00:00
163.79,2823.68,2851,454,100,1,2397,454,360.41,2023-07-20 10:00:00
175.96,3012.46,3044,750,100,1,2294,750,359.93,2023-07-20 11:00:00
207.87,3583.71,3621,1285,100,1,2336,1285,360.46,2023-07-20 12:00:00
172.07,2945.82,2974,816,100,1,2158,816,357.74,2023-07-20 13:00:00
172.05,2966.1,2996,833,100,1,2163,833,358.63,2023-07-20 14:00:00
178.87,3062.26,3093,625,100,1,2468,625,357.11,2023-07-20 15:00:00
185.34,3195.2,3227,610,100,1,2617,610,359.07,2023-07-20 16:00:00
173.13,2964.04,2991,648,100,1,2343,648,360.3,2023-07-20 17:00:00
213.43,3679.53,3715,1177,100,1,2538,1177,364.07,2023-07-20 18:00:00
206.76,3539.67,3572,1049,100,1,2523,1049,363.76,2023-07-20 19:00:00
195.72,3374.19,3406,950,100,1,2456,950,366.74,2023-07-20 20:00:00
215.75,3693.63,3729,1030,100,1,2699,1030,368.12,2023-07-20 21:00:00
215.53,3715.74,3754,1073,100,1,2681,1073,371.46,2023-07-20 22:00:00
216.89,3713.16,3749,939,100,1,2810,939,371.08,2023-07-20 23:00:00
195.85,3376.41,3409,790,100,1,2619,790,376.44,2023-07-21 00:00:00
230.99,3954.52,3990,950,100,1,3040,950,376.2,2023-07-21 01:00:00
203.15,3502.33,3536,974,100,1,2562,974,376.3,2023-07-21 02:00:00
222.27,3805.27,3840,1109,100,1,2731,1109,377.82,2023-07-21 03:00:00
252.99,4361.62,4407,1486,95,1,2921,1486,383.79,2023-07-21 04:00:00
257.89,4415.06,4454,1617,100,1,2837,1617,384.99,2023-07-21 05:00:00
272.21,4692.84,4741,1588,100,1,3153,1588,384.53,2023-07-21 06:00:00
261.1,4470.04,4513,1324,100,1,3189,1324,381.58,2023-07-21 07:00:00
208.78,3599.43,3639,848,100,1,2791,848,378.58,2023-07-21 08:00:00
195.96,3354.76,3387,625,100,1,2762,625,366.42,2023-07-21 09:00:00
167.56,2888.79,2920,418,100,1,2502,418,363.88,2023-07-21 10:00:00
168.94,2892.21,2920,365,100,1,2555,365,356.73,2023-07-21 11:00:00
198.24,3417.7,3451,679,100,1,2772,679,357.92,2023-07-21 12:00:00
165.11,2826.75,2855,514,100,1,2341,514,352.79,2023-07-21 13:00:00
173.15,2985.11,3014,382,100,1,2632,382,355.51,2023-07-21 14:00:00
170.15,2913.01,2939,401,100,1,2538,401,351.7,2023-07-21 15:00:00
179.55,3095.4,3125,546,100,1,2579,546,356.14,2023-07-21 16:00:00
182.33,3121.49,3150,624,100,1,2526,624,354.31,2023-07-21 17:00:00
209.75,3616.15,3650,950,100,1,2700,950,360.68,2023-07-21 18:00:00
210.0,3595.19,3626,1100,100,1,2526,1100,358.0,2023-07-21 19:00:00
200.68,3459.76,3493,812,100,1,2681,812,363.43,2023-07-21 20:00:00
203.9,3490.81,3521,804,100,1,2717,804,361.97,2023-07-21 21:00:00
214.79,3702.9,3736,868,100,1,2868,868,368.73,2023-07-21 22:00:00
186.56,3193.98,3225,661,100,1,2564,661,367.0,2023-07-21 23:00:00
182.42,3144.85,3177,541,100,1,2636,541,373.36,2023-07-22 00:00:00
157.43,2695.18,2720,494,100,1,2226,494,370.63,2023-07-22 01:00:00
160.62,2769.08,2794,495,100,1,2299,495,375.23,2023-07-22 02:00:00
164.69,2819.42,2845,637,100,1,2208,637,372.96,2023-07-22 03:00:00
169.68,2925.35,2955,754,95,1,2201,754,376.01,2023-07-22 04:00:00
172.63,2955.41,2984,726,100,1,2258,726,372.17,2023-07-22 05:00:00
181.26,3124.84,3157,755,100,1,2402,755,372.08,2023-07-22 06:00:00
176.72,3025.53,3054,470,100,1,2584,470,362.74,2023-07-22 07:00:00
174.93,3015.83,3045,458,100,1,2587,458,360.09,2023-07-22 08:00:00
162.74,2786.1,2808,445,100,1,2363,445,359.28,2023-07-22 09:00:00
160.51,2767.25,2794,467,100,1,2327,467,360.38,2023-07-22 10:00:00
138.47,2370.55,2392,364,100,1,2028,364,359.65,2023-07-22 11:00:00
149.77,2582.0,2606,444,100,1,2162,444,360.52,2023-07-22 12:00:00
160.63,2749.92,2779,435,100,1,2344,435,357.56,2023-07-22 13:00:00
160.72,2770.82,2798,379,100,1,2419,379,359.24,2023-07-22 14:00:00
173.06,2962.86,2990,502,100,1,2488,502,357.82,2023-07-22 15:00:00
184.73,3184.75,3217,629,100,1,2588,629,361.45,2023-07-22 16:00:00
219.65,3760.37,3795,707,100,1,3088,707,364.83,2023-07-22 17:00:00
323.19,5571.76,5626,1181,100,1,4445,1181,375.32,2023-07-22 18:00:00
246.99,4228.4,4266,1320,100,1,2946,1320,385.08,2023-07-22 19:00:00
239.87,4135.28,4181,1412,100,1,2769,1412,391.39,2023-07-22 20:00:00
319.61,5471.68,5517,2322,100,1,3195,2322,394.28,2023-07-22 21:00:00
336.07,5793.79,5858,2409,100,1,3449,2409,392.42,2023-07-22 22:00:00
330.74,5662.19,5714,1852,95,1,3862,1852,388.97,2023-07-22 23:00:00
314.54,5422.73,5482,1728,100,1,3754,1728,392.41,2023-07-23 00:00:00
318.16,5446.96,5500,1644,100,1,3856,1644,394.99,2023-07-23 01:00:00
305.82,5272.35,5330,1571,100,1,3759,1571,397.68,2023-07-23 02:00:00
302.1,5171.96,5219,1627,100,1,3592,1627,393.96,2023-07-23 03:00:00
287.34,4953.7,5003,1321,100,1,3682,1321,390.72,2023-07-23 04:00:00
276.59,4735.29,4778,1271,100,1,3507,1271,384.16,2023-07-23 05:00:00
253.69,4373.67,4419,1028,100,1,3391,1028,381.57,2023-07-23 06:00:00
242.01,4143.21,4183,929,100,1,3254,929,375.18,2023-07-23 07:00:00
245.38,4230.33,4273,951,100,1,3322,951,367.99,2023-07-23 08:00:00
218.78,3745.44,3775,636,100,1,3139,636,362.92,2023-07-23 09:00:00
193.58,3337.35,3372,545,100,1,2827,545,365.08,2023-07-23 10:00:00
200.34,3429.79,3463,627,100,1,2836,627,362.08,2023-07-23 11:00:00
205.36,3540.39,3574,636,100,1,2938,636,362.86,2023-07-23 12:00:00
206.76,3539.79,3573,632,100,1,2941,632,360.71,2023-07-23 13:00:00
200.29,3453.06,3488,550,100,1,2938,550,361.32,2023-07-23 14:00:00
192.52,3295.93,3329,552,100,1,2777,552,363.13,2023-07-23 15:00:00
207.12,3570.74,3605,681,93,1,2924,681,366.59,2023-07-23 16:00:00
225.87,3866.97,3904,862,100,1,3042,862,366.72,2023-07-23 17:00:00
265.72,4580.99,4625,1178,100,1,3447,1178,367.3,2023-07-23 18:00:00
164.39,2814.32,2838,387,100,1,2451,387,368.07,2023-07-23 19:00:00
209.02,3603.49,3639,817,100,1,2822,817,374.42,2023-07-23 20:00:00
248.37,4252.13,4288,1280,100,1,3008,1280,372.74,2023-07-23 21:00:00
214.97,3706.13,3741,887,100,1,2854,887,374.38,2023-07-23 22:00:00
216.14,3700.36,3733,877,100,1,2856,877,373.56,2023-07-23 23:00:00
202.77,3495.67,3530,717,100,1,2813,717,376.66,2023-07-24 00:00:00
209.66,3589.4,3624,748,100,1,2876,748,376.95,2023-07-24 01:00:00
202.54,3491.72,3527,778,100,1,2749,778,380.88,2023-07-24 02:00:00
227.45,3893.89,3933,880,100,1,3053,880,379.63,2023-07-24 03:00:00
241.59,4164.93,4207,1205,100,1,3002,1205,379.13,2023-07-24 04:00:00
243.8,4173.9,4215,1150,100,1,3065,1150,375.97,2023-07-24 05:00:00
220.78,3806.21,3842,1150,100,1,2692,1150,372.96,2023-07-24 06:00:00
214.65,3674.83,3708,876,100,1,2832,876,367.05,2023-07-24 07:00:00
195.28,3366.68,3403,989,100,1,2414,989,364.76,2023-07-24 08:00:00
199.96,3423.29,3456,1059,100,1,2397,1059,359.14,2023-07-24 09:00:00
206.22,3555.3,3593,1083,100,1,2510,1083,360.32,2023-07-24 10:00:00
198.1,3391.4,3423,866,95,1,2557,866,356.12,2023-07-24 11:00:00
208.95,3602.27,3641,1014,100,1,2627,1014,359.81,2023-07-24 12:00:00
201.26,3445.64,3478,958,100,1,2520,958,357.01,2023-07-24 13:00:00
220.41,3799.95,3836,1180,100,1,2656,1180,360.57,2023-07-24 14:00:00
656.68,11242.3,11367,1409,100,1,9958,1409,357.08,2023-07-24 15:00:00
384.84,6634.61,6711,1428,100,1,5283,1428,360.67,2023-07-24 16:00:00
320.84,5492.73,5546,1255,100,1,4291,1255,357.25,2023-07-24 17:00:00
291.67,5028.45,5081,1264,100,1,3817,1264,361.44,2023-07-24 18:00:00
279.9,4791.81,4837,1195,100,1,3642,1195,362.61,2023-07-24 19:00:00
274.45,4731.49,4776,1218,100,1,3558,1218,370.99,2023-07-24 20:00:00
302.32,5175.78,5225,1706,100,1,3519,1706,371.4,2023-07-24 21:00:00
268.08,4621.69,4667,1347,100,1,3320,1347,380.36,2023-07-24 22:00:00
263.3,4507.74,4549,1257,100,1,3292,1257,378.16,2023-07-24 23:00:00
269.0,4637.51,4680,1223,100,1,3457,1223,381.25,2023-07-25 00:00:00
276.72,4737.38,4782,1411,95,1,3371,1411,377.27,2023-07-25 01:00:00
265.48,4576.8,4621,1568,100,1,3053,1568,380.52,2023-07-25 02:00:00
241.88,4141.04,4180,1292,100,1,2888,1292,378.51,2023-07-25 03:00:00
235.72,4063.87,4102,1172,100,1,2930,1172,383.7,2023-07-25 04:00:00
267.12,4573.17,4617,1383,100,1,3234,1383,381.71,2023-07-25 05:00:00
301.99,5206.39,5265,1784,100,1,3481,1784,385.57,2023-07-25 06:00:00
294.37,5039.65,5095,1447,100,1,3648,1447,375.65,2023-07-25 07:00:00
280.36,4833.41,4878,1282,100,1,3596,1282,376.35,2023-07-25 08:00:00
263.39,4509.29,4546,1155,100,1,3391,1155,371.01,2023-07-25 09:00:00
266.03,4586.41,4631,1052,100,1,3579,1052,369.48,2023-07-25 10:00:00
258.06,4418.03,4455,958,100,1,3497,958,367.05,2023-07-25 11:00:00
257.71,4443.0,4486,871,100,1,3615,871,363.54,2023-07-25 12:00:00
249.46,4270.77,4309,788,100,1,3521,788,359.5,2023-07-25 13:00:00
250.94,4326.18,4372,792,100,1,3580,792,360.45,2023-07-25 14:00:00
270.09,4623.92,4667,828,100,1,3839,828,360.31,2023-07-25 15:00:00
300.3,5177.23,5223,1285,95,1,3938,1285,363.6,2023-07-25 16:00:00
333.24,5705.12,5753,1768,100,1,3985,1768,366.13,2023-07-25 17:00:00
349.35,6022.71,6084,2170,100,1,3914,2170,370.09,2023-07-25 18:00:00
352.46,6034.13,6088,1893,100,1,4195,1893,376.52,2023-07-25 19:00:00
413.96,7136.67,7210,2162,100,1,5048,2162,382.0,2023-07-25 20:00:00
414.15,7090.18,7158,2249,100,1,4909,2249,381.59,2023-07-25 21:00:00
409.2,7054.59,7127,1645,100,1,5482,1645,381.23,2023-07-25 22:00:00
282.06,4828.94,4878,1010,100,1,3868,1010,378.81,2023-07-25 23:00:00
266.79,4599.49,4647,1025,100,1,3622,1025,389.67,2023-07-26 00:00:00
287.86,4928.15,4969,972,100,1,3997,972,391.02,2023-07-26 01:00:00
289.29,4987.39,5038,1177,100,1,3861,1177,390.07,2023-07-26 02:00:00
286.08,4897.63,4939,1070,100,1,3869,1070,385.49,2023-07-26 03:00:00
281.53,4853.6,4900,1015,95,1,3885,1015,382.16,2023-07-26 04:00:00
294.67,5044.8,5094,1134,100,1,3960,1134,376.67,2023-07-26 05:00:00
322.84,5565.78,5620,1654,100,1,3966,1654,374.03,2023-07-26 06:00:00
339.76,5816.73,5863,1787,100,1,4076,1787,371.1,2023-07-26 07:00:00
334.99,5775.14,5841,1488,100,1,4353,1488,368.35,2023-07-26 08:00:00
364.51,6240.36,6294,1697,100,1,4597,1697,368.41,2023-07-26 09:00:00
366.04,6310.57,6380,1762,100,1,4618,1762,373.73,2023-07-26 10:00:00
453.52,7764.25,7854,2689,100,1,5165,2689,377.09,2023-07-26 11:00:00
492.54,8491.35,8580,2726,100,1,5854,2726,368.6,2023-07-26 12:00:00
339.04,5804.31,5853,1443,100,1,4410,1443,363.33,2023-07-26 13:00:00
342.3,5901.18,5951,1587,95,1,4364,1587,364.52,2023-07-26 14:00:00
641.51,10982.61,11071,1284,100,1,9787,1284,364.64,2023-07-26 15:00:00
355.27,6124.89,6187,1369,100,1,4818,1369,369.32,2023-07-26 16:00:00
452.98,7755.09,7824,2089,100,1,5735,2089,370.71,2023-07-26 17:00:00
256.21,4417.07,4453,1419,100,1,3034,1419,376.15,2023-07-26 18:00:00
245.38,4200.86,4235,1296,100,1,2939,1296,376.81,2023-07-26 19:00:00
208.02,3586.2,3617,802,100,1,2815,802,377.99,2023-07-26 20:00:00
205.91,3525.09,3551,716,100,1,2835,716,376.42,2023-07-26 21:00:00
218.0,3758.25,3792,841,100,1,2951,841,379.2,2023-07-26 22:00:00
209.64,3589.03,3622,680,100,1,2942,680,380.53,2023-07-26 23:00:00
221.19,3813.24,3853,682,100,1,3171,682,379.88,2023-07-27 00:00:00
215.71,3693.0,3726,683,100,1,3043,683,377.65,2023-07-27 01:00:00
210.31,3625.66,3659,705,100,1,2954,705,377.96,2023-07-27 02:00:00
231.18,3957.76,3993,705,100,1,3288,705,375.79,2023-07-27 03:00:00
219.83,3789.92,3828,810,100,1,3018,810,375.98,2023-07-27 04:00:00
251.07,4298.29,4337,1195,100,1,3142,1195,375.5,2023-07-27 05:00:00
315.41,5437.65,5496,2263,95,1,3233,2263,376.61,2023-07-27 06:00:00
261.06,4469.27,4509,1699,100,1,2810,1699,373.31,2023-07-27 07:00:00
240.31,4143.02,4183,1700,100,1,2483,1700,376.19,2023-07-27 08:00:00
228.11,3905.2,3943,1364,100,1,2579,1364,372.46,2023-07-27 09:00:00
220.2,3796.33,3837,1301,100,1,2536,1301,369.94,2023-07-27 10:00:00
243.36,4166.36,4209,1315,100,1,2894,1315,367.54,2023-07-27 11:00:00
228.07,3931.93,3976,1283,100,1,2693,1283,367.74,2023-07-27 12:00:00
264.33,4525.38,4566,1354,100,1,3212,1354,365.1,2023-07-27 13:00:00
233.91,4032.68,4075,1131,100,1,2944,1131,365.88,2023-07-27 14:00:00
245.62,4205.0,4246,1097,100,1,3149,1097,363.27,2023-07-27 15:00:00
252.33,4350.24,4395,1166,100,1,3229,1166,367.3,2023-07-27 16:00:00
357.12,6113.88,6175,1537,100,1,4638,1537,368.96,2023-07-27 17:00:00
296.47,5111.06,5161,1407,100,1,3754,1407,373.15,2023-07-27 18:00:00
309.91,5305.64,5355,1394,95,1,3961,1394,373.85,2023-07-27 19:00:00
322.07,5552.57,5608,1469,100,1,4139,1469,377.16,2023-07-27 20:00:00
353.2,6046.82,6100,1902,100,1,4198,1902,376.58,2023-07-27 21:00:00
314.69,5425.3,5477,1355,100,1,4122,1355,380.73,2023-07-27 22:00:00
317.51,5435.79,5488,1298,100,1,4190,1298,387.24,2023-07-27 23:00:00
299.93,5170.81,5222,1273,100,1,3949,1273,389.6,2023-07-28 00:00:00
315.18,5395.85,5445,1321,100,1,4124,1321,383.06,2023-07-28 01:00:00
313.09,5397.61,5454,1466,100,1,3988,1466,383.19,2023-07-28 02:00:00
309.92,5305.76,5352,1507,100,1,3845,1507,378.88,2023-07-28 03:00:00
294.95,5084.95,5128,1188,100,1,3940,1188,380.03,2023-07-28 04:00:00
293.68,5027.78,5080,1241,100,1,3839,1241,381.98,2023-07-28 05:00:00
323.16,5571.26,5623,2036,100,1,3587,2036,385.79,2023-07-28 06:00:00
285.24,4883.31,4923,2070,95,1,2853,2070,382.81,2023-07-28 07:00:00
275.78,4754.39,4802,1758,100,1,3044,1758,379.89,2023-07-28 08:00:00
252.25,4318.6,4359,1693,100,1,2666,1693,374.34,2023-07-28 09:00:00
237.92,4101.73,4141,1334,100,1,2807,1334,377.61,2023-07-28 10:00:00
244.24,4181.34,4224,1466,100,1,2758,1466,375.73,2023-07-28 11:00:00
248.27,4280.25,4320,1705,100,1,2615,1705,380.41,2023-07-28 12:00:00
222.64,3811.56,3845,1551,100,1,2294,1551,375.98,2023-07-28 13:00:00
212.34,3660.75,3695,1683,100,1,2012,1683,378.68,2023-07-28 14:00:00
172.69,2956.37,2979,1355,100,1,1624,1355,373.36,2023-07-28 15:00:00
200.59,3458.21,3492,1629,100,1,1863,1629,377.89,2023-07-28 16:00:00
153.24,2623.47,2646,1035,100,1,1611,1035,370.54,2023-07-28 17:00:00
142.5,2456.67,2479,836,100,1,1643,836,373.73,2023-07-28 18:00:00
167.3,2864.18,2889,969,100,1,1920,969,367.93,2023-07-28 19:00:00
143.34,2471.23,2494,638,95,1,1856,638,369.16,2023-07-28 20:00:00
133.86,2291.66,2312,597,100,1,1715,597,365.79,2023-07-28 21:00:00
142.66,2459.52,2481,647,100,1,1834,647,370.44,2023-07-28 22:00:00
127.23,2178.2,2198,533,100,1,1665,533,365.67,2023-07-28 23:00:00
130.57,2251.08,2275,495,100,1,1780,495,371.84,2023-07-29 00:00:00
139.12,2381.8,2404,475,100,1,1929,475,370.14,2023-07-29 01:00:00
146.37,2523.38,2550,496,100,1,2054,496,373.83,2023-07-29 02:00:00
120.94,2070.54,2089,454,100,1,1635,454,370.27,2023-07-29 03:00:00
140.37,2420.02,2445,560,100,1,1885,560,373.16,2023-07-29 04:00:00
134.04,2294.76,2314,623,100,1,1691,623,367.73,2023-07-29 05:00:00
132.96,2292.21,2314,749,100,1,1565,749,371.13,2023-07-29 06:00:00
160.23,2743.17,2767,1051,100,1,1716,1051,366.56,2023-07-29 07:00:00
196.38,3385.57,3418,1357,100,1,2061,1357,369.23,2023-07-29 08:00:00
172.3,2949.7,2978,1032,100,1,1946,1032,366.72,2023-07-29 09:00:00
180.78,3116.68,3151,1204,100,1,1947,1204,368.18,2023-07-29 10:00:00
203.93,3491.23,3522,1511,100,1,2011,1511,365.38,2023-07-29 11:00:00
179.19,3089.2,3120,1079,100,1,2041,1079,363.76,2023-07-29 12:00:00
188.05,3219.44,3248,1000,100,1,2248,1000,359.05,2023-07-29 13:00:00
175.36,3023.16,3053,875,100,1,2178,875,358.03,2023-07-29 14:00:00
184.06,3151.03,3179,930,100,1,2249,930,354.54,2023-07-29 15:00:00
200.2,3451.46,3488,1041,100,1,2447,1041,355.01,2023-07-29 16:00:00
219.06,3750.28,3785,1429,95,1,2356,1429,355.79,2023-07-29 17:00:00
238.08,4104.56,4145,1788,100,1,2357,1788,368.7,2023-07-29 18:00:00
238.98,4091.4,4128,1802,100,1,2326,1802,374.92,2023-07-29 19:00:00
279.16,4812.73,4862,2104,100,1,2758,2104,385.44,2023-07-29 20:00:00
323.46,5537.62,5593,2908,100,1,2685,2908,396.97,2023-07-29 21:00:00
345.3,5953.06,6008,3222,100,1,2786,3222,401.57,2023-07-29 22:00:00
364.71,6243.75,6309,3492,100,1,2817,3492,400.57,2023-07-29 23:00:00
427.4,7368.44,7442,4765,93,1,2677,4765,397.73,2023-07-30 00:00:00
366.93,6281.9,6338,3270,100,1,3068,3270,396.71,2023-07-30 01:00:00
346.13,5967.32,6032,2552,100,1,3480,2552,390.7,2023-07-30 02:00:00
350.75,6004.83,6057,2227,100,1,3830,2227,387.52,2023-07-30 03:00:00
292.18,5037.14,5089,1379,100,1,3710,1379,386.24,2023-07-30 04:00:00
245.86,4209.14,4245,1031,100,1,3214,1031,377.61,2023-07-30 05:00:00
215.27,3711.34,3745,896,100,1,2849,896,374.73,2023-07-30 06:00:00
211.77,3625.54,3662,913,100,1,2749,913,366.16,2023-07-30 07:00:00
203.55,3509.18,3540,692,100,1,2848,692,362.95,2023-07-30 08:00:00
189.41,3242.66,3273,529,100,1,2744,529,359.24,2023-07-30 09:00:00
180.44,3110.72,3143,554,100,1,2589,554,358.75,2023-07-30 10:00:00
182.15,3118.45,3145,468,100,1,2677,468,355.93,2023-07-30 11:00:00
189.05,3259.25,3291,438,100,1,2853,438,356.24,2023-07-30 12:00:00
182.23,3119.77,3149,421,100,1,2728,421,354.39,2023-07-30 13:00:00
172.88,2980.37,3011,418,95,1,2593,418,356.1,2023-07-30 14:00:00
174.15,2981.48,3012,425,100,1,2587,425,354.22,2023-07-30 15:00:00
182.41,3144.72,3175,605,100,1,2570,605,356.1,2023-07-30 16:00:00
182.5,3124.46,3153,589,100,1,2564,589,355.69,2023-07-30 17:00:00
207.46,3576.69,3610,726,100,1,2884,726,368.31,2023-07-30 18:00:00
221.01,3783.74,3818,1194,100,1,2624,1194,372.41,2023-07-30 19:00:00
282.01,4861.78,4907,1473,100,1,3434,1473,376.71,2023-07-30 20:00:00
300.4,5142.78,5191,2115,100,1,3076,2115,383.26,2023-07-30 21:00:00
297.95,5136.65,5186,1984,100,1,3202,1984,389.83,2023-07-30 22:00:00
297.29,5089.57,5139,2091,100,1,3048,2091,388.71,2023-07-30 23:00:00
284.85,4910.81,4957,1924,100,1,3033,1924,391.03,2023-07-31 00:00:00
329.44,5639.97,5697,2595,100,1,3102,2595,386.72,2023-07-31 01:00:00
298.1,5139.31,5189,2382,95,1,2807,2382,384.9,2023-07-31 02:00:00
259.94,4450.15,4490,1573,100,1,2917,1573,379.75,2023-07-31 03:00:00
271.84,4686.49,4733,1906,100,1,2827,1906,379.72,2023-07-31 04:00:00
302.15,5172.74,5220,2048,100,1,3172,2048,376.04,2023-07-31 05:00:00
283.21,4882.49,4925,1871,100,1,3054,1871,374.24,2023-07-31 06:00:00
241.02,4126.22,4163,1396,100,1,2767,1396,368.61,2023-07-31 07:00:00
208.37,3592.23,3629,803,100,1,2826,803,364.66,2023-07-31 08:00:00
205.85,3524.16,3556,701,100,1,2855,701,360.25,2023-07-31 09:00:00
267.47,4611.21,4660,616,100,1,4044,616,358.75,2023-07-31 10:00:00
209.85,3592.6,3625,578,100,1,3047,578,356.18,2023-07-31 11:00:00
213.8,3685.9,3726,665,100,1,3061,665,356.75,2023-07-31 12:00:00
232.49,3980.29,4016,842,100,1,3174,842,354.41,2023-07-31 13:00:00
230.88,3980.37,4021,801,100,1,3220,801,358.09,2023-07-31 14:00:00
241.59,4136.07,4180,1018,100,1,3162,1018,354.73,2023-07-31 15:00:00
237.88,4101.02,4143,998,100,1,3145,998,358.0,2023-07-31 16:00:00
240.61,4119.28,4158,1122,100,1,3036,1122,356.58,2023-07-31 17:00:00
263.47,4542.27,4585,1387,100,1,3198,1387,372.74,2023-07-31 18:00:00
236.71,4052.55,4087,1483,97,1,2604,1483,380.66,2023-07-31 19:00:00
