TCcounts,TCmass,TCconc,AE33_BC6,AE33_ValidData,AE33_b,OC,EC,CO2,EndTimeUTC
220.83,3807.15,3846,812,100,1,3034,812,381.71,2023-11-30 20:00:00
251.94,4313.2,4355,741,100,1,3614,741,378.51,2023-11-30 21:00:00
175.31,3022.41,3052,577,100,1,2475,577,380.29,2023-11-30 22:00:00
155.5,2662.18,2685,449,100,1,2236,449,376.18,2023-11-30 23:00:00
159.01,2741.28,2768,453,100,1,2315,453,378.62,2023-12-01 00:00:00
168.18,2879.17,2905,436,100,1,2469,436,375.34,2023-12-01 01:00:00
169.04,2914.29,2943,566,100,1,2377,566,378.6,2023-12-01 02:00:00
194.14,3323.73,3352,770,100,1,2582,770,376.45,2023-12-01 03:00:00
214.36,3695.52,3732,821,100,1,2911,821,380.41,2023-12-01 04:00:00
235.13,4025.44,4062,1095,100,1,2967,1095,378.65,2023-12-01 05:00:00
247.52,4267.21,4310,1187,100,1,3123,1187,383.1,2023-12-01 06:00:00
254.26,4352.92,4394,1248,100,1,3146,1248,380.19,2023-12-01 07:00:00
262.05,4517.77,4565,1299,100,1,3266,1299,383.45,2023-12-01 08:00:00
267.7,4583.08,4627,1366,100,1,3261,1366,381.23,2023-12-01 09:00:00
288.25,4969.35,5019,1481,100,1,3538,1481,385.12,2023-12-01 10:00:00
297.51,5093.41,5142,1615,93,1,3527,1615,383.17,2023-12-01 11:00:00
309.21,5330.71,5383,1729,100,1,3654,1729,388.15,2023-12-01 12:00:00
327.01,5598.36,5651,1950,100,1,3701,1950,386.66,2023-12-01 13:00:00
327.46,5645.47,5705,2101,100,1,3604,2101,390.56,2023-12-01 14:00:00
321.08,5496.82,5554,1878,100,1,3676,1878,387.77,2023-12-01 15:00:00
338.24,5831.3,5889,1965,100,1,3924,1965,391.8,2023-12-01 16:00:00
321.11,5497.38,5548,1870,100,1,3678,1870,389.88,2023-12-01 17:00:00
307.42,5299.84,5357,1734,100,1,3623,1734,393.92,2023-12-01 18:00:00
305.45,5229.33,5281,1665,100,1,3616,1665,391.72,2023-12-01 19:00:00
314.18,5416.44,5475,2098,93,1,3377,2098,396.02,2023-12-01 20:00:00
343.8,5885.93,5940,2268,100,1,3672,2268,396.93,2023-12-01 21:00:00
333.11,5742.75,5806,2364,100,1,3442,2364,403.83,2023-12-01 22:00:00
374.64,6413.91,6468,2779,100,1,3689,2779,403.61,2023-12-01 23:00:00
402.63,6941.29,7015,2844,100,1,4171,2844,407.51,2023-12-02 00:00:00
319.35,5467.29,5511,1802,100,1,3709,1802,401.92,2023-12-02 01:00:00
360.56,6215.98,6282,2120,100,1,4162,2120,404.38,2023-12-02 02:00:00
432.26,7400.35,7469,2616,100,1,4853,2616,403.12,2023-12-02 03:00:00
453.5,7818.41,7899,2993,93,1,4906,2993,407.58,2023-12-02 04:00:00
432.75,7408.67,7480,2847,100,1,4633,2847,404.59,2023-12-02 05:00:00
453.81,7823.72,7896,2957,100,1,4939,2957,406.45,2023-12-02 06:00:00
428.85,7341.86,7403,2750,100,1,4653,2750,400.7,2023-12-02 07:00:00
375.82,6479.11,6543,2185,100,1,4358,2185,400.21,2023-12-02 08:00:00
377.32,6459.8,6518,2107,100,1,4411,2107,395.54,2023-12-02 09:00:00
342.38,5902.55,5960,1765,100,1,4195,1765,396.18,2023-12-02 10:00:00
352.38,6032.79,6088,2108,93,1,3980,2108,392.62,2023-12-02 11:00:00
333.6,5751.26,5804,1761,100,1,4043,1761,394.31,2023-12-02 12:00:00
321.87,5510.43,5558,1898,100,1,3660,1898,390.13,2023-12-02 13:00:00
338.99,5844.22,5898,1940,100,1,3958,1940,391.26,2023-12-02 14:00:00
363.68,6226.14,6285,2138,100,1,4147,2138,389.44,2023-12-02 15:00:00
383.53,6612.05,6674,2235,100,1,4439,2235,392.34,2023-12-02 16:00:00
395.06,6763.38,6817,2251,100,1,4566,2251,389.57,2023-12-02 17:00:00
356.68,6149.14,6211,1799,100,1,4412,1799,391.73,2023-12-02 18:00:00
328.33,5621.08,5673,1491,100,1,4182,1491,388.29,2023-12-02 19:00:00
340.28,5866.37,5923,1493,93,1,4430,1493,390.69,2023-12-02 20:00:00
327.07,5599.39,5650,1346,100,1,4304,1346,387.01,2023-12-02 21:00:00
326.56,5629.9,5685,1387,100,1,4298,1387,389.61,2023-12-02 22:00:00
354.49,6068.83,6123,1754,100,1,4369,1754,386.84,2023-12-02 23:00:00
289.25,4986.61,5039,1190,100,1,3849,1190,388.73,2023-12-03 00:00:00
270.42,4629.55,4675,1031,100,1,3644,1031,385.82,2023-12-03 01:00:00
285.0,4913.42,4962,1033,100,1,3929,1033,388.81,2023-12-03 02:00:00
307.3,5260.97,5312,1387,100,1,3925,1387,388.09,2023-12-03 03:00:00
335.37,5781.82,5842,1607,100,1,4235,1607,393.51,2023-12-03 04:00:00
321.11,5497.33,5547,1533,100,1,4014,1533,390.79,2023-12-03 05:00:00
320.14,5519.14,5573,1525,100,1,4048,1525,393.19,2023-12-03 06:00:00
316.01,5410.17,5462,1509,100,1,3953,1509,389.85,2023-12-03 07:00:00
360.53,6215.61,6277,1749,93,1,4528,1749,394.35,2023-12-03 08:00:00
350.99,6008.97,6065,2056,100,1,4009,2056,395.16,2023-12-03 09:00:00
387.63,6682.7,6750,2369,100,1,4381,2369,400.68,2023-12-03 10:00:00
362.75,6210.36,6269,2059,100,1,4210,2059,395.71,2023-12-03 11:00:00
410.56,7078.06,7151,2708,100,1,4443,2708,396.74,2023-12-03 12:00:00
300.15,5138.59,5185,1444,100,1,3741,1444,391.29,2023-12-03 13:00:00
248.92,4291.44,4337,1067,100,1,3270,1067,391.59,2023-12-03 14:00:00
246.73,4223.98,4267,957,100,1,3310,957,385.24,2023-12-03 15:00:00
229.78,3961.42,4004,891,100,1,3113,891,386.65,2023-12-03 16:00:00
232.88,3986.89,4026,809,100,1,3217,809,383.52,2023-12-03 17:00:00
227.42,3920.78,3963,874,100,1,3089,874,387.11,2023-12-03 18:00:00
237.74,4070.11,4111,965,100,1,3146,965,385.69,2023-12-03 19:00:00
268.19,4623.62,4669,1092,100,1,3577,1092,389.18,2023-12-03 20:00:00
270.66,4633.75,4677,1337,93,1,3340,1337,386.59,2023-12-03 21:00:00
250.15,4312.61,4358,1154,100,1,3204,1154,390.47,2023-12-03 22:00:00
244.53,4186.27,4223,1100,100,1,3123,1100,387.53,2023-12-03 23:00:00
241.2,4158.33,4197,945,100,1,3252,945,389.39,2023-12-04 00:00:00
238.16,4077.32,4114,819,100,1,3295,819,385.0,2023-12-04 01:00:00
242.74,4184.88,4226,880,100,1,3346,880,387.32,2023-12-04 02:00:00
239.27,4096.33,4133,781,100,1,3352,781,384.16,2023-12-04 03:00:00
260.7,4494.39,4537,1053,100,1,3484,1053,387.93,2023-12-04 04:00:00
253.69,4343.12,4380,1120,100,1,3260,1120,386.17,2023-12-04 05:00:00
312.39,5385.63,5438,1347,100,1,4091,1347,390.3,2023-12-04 06:00:00
300.79,5149.47,5192,1429,100,1,3763,1429,387.86,2023-12-04 07:00:00
321.67,5545.63,5598,1555,100,1,4043,1555,392.74,2023-12-04 08:00:00
313.17,5361.47,5405,1568,100,1,3837,1568,390.94,2023-12-04 09:00:00
301.9,5204.71,5255,1426,100,1,3829,1426,394.49,2023-12-04 10:00:00
321.91,5511.16,5559,1721,100,1,3838,1721,393.56,2023-12-04 11:00:00
327.86,5652.38,5709,1708,93,1,4001,1708,398.93,2023-12-04 12:00:00
346.91,5939.16,5987,1876,100,1,4111,1876,397.61,2023-12-04 13:00:00
331.12,5708.58,5762,1785,100,1,3977,1785,402.0,2023-12-04 14:00:00
296.53,5076.53,5115,1558,100,1,3557,1558,380.19,2023-12-04 15:00:00
287.58,4957.93,5010,1287,100,1,3723,1287,405.08,2023-12-04 16:00:00
278.56,4769.02,4819,1339,100,1,3480,1339,399.45,2023-12-04 17:00:00
307.1,5294.45,5347,1601,100,1,3746,1601,398.14,2023-12-04 18:00:00
322.02,5513.01,5562,1896,100,1,3666,1896,396.08,2023-12-04 19:00:00
288.17,4968.07,5012,1478,100,1,3534,1478,398.9,2023-12-04 20:00:00
256.33,4388.43,4422,1280,100,1,3142,1280,394.4,2023-12-04 21:00:00
265.62,4579.34,4628,1293,100,1,3335,1293,397.09,2023-12-04 22:00:00
303.47,5195.37,5241,1583,100,1,3658,1583,395.06,2023-12-04 23:00:00
304.39,5247.77,5299,1729,93,1,3570,1729,399.36,2023-12-05 00:00:00
233.04,3989.7,4023,1020,100,1,3003,1020,395.26,2023-12-05 01:00:00
239.46,4128.27,4169,994,100,1,3175,994,397.56,2023-12-05 02:00:00
260.82,4465.22,4507,1149,100,1,3358,1149,394.65,2023-12-05 03:00:00
266.13,4588.08,4635,1453,100,1,3182,1453,399.53,2023-12-05 04:00:00
279.56,4786.08,4830,1714,100,1,3116,1714,397.85,2023-12-05 05:00:00
303.84,5238.2,5289,2272,100,1,3017,2272,405.21,2023-12-05 06:00:00
329.57,5642.16,5692,2275,100,1,3417,2275,406.58,2023-12-05 07:00:00
328.56,5664.33,5721,2297,100,1,3424,2297,411.35,2023-12-05 08:00:00
265.13,4538.96,4581,1607,100,1,2974,1607,406.23,2023-12-05 09:00:00
336.43,5800.1,5858,2061,100,1,3797,2061,411.83,2023-12-05 10:00:00
294.86,5048.03,5095,1650,93,1,3445,1650,401.68,2023-12-05 11:00:00
238.13,4105.29,4147,1177,100,1,2970,1177,400.5,2023-12-05 12:00:00
261.12,4470.41,4512,1451,100,1,3061,1451,395.63,2023-12-05 13:00:00
309.1,5328.8,5381,2131,100,1,3250,2131,401.17,2023-12-05 14:00:00
293.4,5023.02,5071,1774,100,1,3297,1774,400.48,2023-12-05 15:00:00
380.45,6558.94,6626,2582,100,1,4044,2582,403.82,2023-12-05 16:00:00
269.92,4621.1,4663,1216,100,1,3447,1216,396.9,2023-12-05 17:00:00
309.98,5343.99,5397,1566,100,1,3831,1566,399.57,2023-12-05 18:00:00
238.02,4074.89,4114,917,100,1,3197,917,392.86,2023-12-05 19:00:00
196.11,3380.95,3415,594,100,1,2821,594,393.48,2023-12-05 20:00:00
218.81,3746.01,3780,973,100,1,2807,973,390.63,2023-12-05 21:00:00
231.01,3982.58,4021,1013,100,1,3008,1013,396.44,2023-12-05 22:00:00
258.68,4428.62,4469,1206,100,1,3263,1206,394.94,2023-12-05 23:00:00
267.99,4620.21,4663,1284,93,1,3379,1284,401.2,2023-12-06 00:00:00
267.99,4620.21,4663,1284,93,1,3379,1284,401.2,2023-12-06 00:00:00
320.96,5494.91,5541,1749,100,1,3792,1749,402.28,2023-12-06 01:00:00
326.67,5631.71,5688,2150,100,1,3538,2150,410.3,2023-12-06 02:00:00
354.57,6070.32,6127,2207,100,1,3920,2207,408.85,2023-12-06 03:00:00
400.38,6902.58,6969,2591,100,1,4378,2591,415.42,2023-12-06 04:00:00
482.76,8264.81,8333,3612,100,1,4721,3612,415.52,2023-12-06 05:00:00
449.03,7741.19,7821,3578,100,1,4243,3578,424.33,2023-12-06 06:00:00
458.63,7851.69,7918,3420,93,1,4498,3420,431.46,2023-12-06 07:00:00
538.79,9288.76,9397,6007,100,1,3390,6007,448.55,2023-12-06 08:00:00
588.92,10082.29,10185,6667,100,1,3518,6667,447.36,2023-12-06 09:00:00
642.93,11084.08,11207,6187,100,1,5020,6187,450.27,2023-12-06 10:00:00
575.8,9857.71,9954,5123,93,1,4831,5123,444.45,2023-12-06 11:00:00
629.85,10858.63,10970,5429,100,1,5541,5429,445.3,2023-12-06 12:00:00
643.81,11022.08,11123,5641,100,1,5482,5641,443.92,2023-12-06 13:00:00
715.2,12330.12,12458,6405,93,1,6053,6405,450.7,2023-12-06 14:00:00
707.32,12109.36,12221,6191,100,1,6030,6191,448.7,2023-12-06 15:00:00
658.76,11356.95,11476,5284,100,1,6192,5284,449.87,2023-12-06 16:00:00
648.11,11095.57,11192,5018,100,1,6174,5018,440.44,2023-12-06 17:00:00
507.82,8754.89,8849,3609,93,1,5240,3609,437.11,2023-12-06 18:00:00
471.81,8077.43,8158,3345,100,1,4813,3345,432.7,2023-12-06 19:00:00
432.88,7462.9,7548,2844,100,1,4704,2844,431.61,2023-12-06 20:00:00
391.45,6701.64,6768,2329,100,1,4439,2329,421.95,2023-12-06 21:00:00
404.07,6966.1,7036,2316,100,1,4720,2316,421.48,2023-12-06 22:00:00
443.95,7600.43,7676,2934,100,1,4742,2934,416.75,2023-12-06 23:00:00
414.02,7137.7,7212,2490,100,1,4722,2490,416.9,2023-12-07 00:00:00
411.63,7047.08,7116,2532,92,1,4584,2532,412.25,2023-12-07 01:00:00
436.56,7526.24,7598,2430,100,1,5168,2430,416.38,2023-12-07 02:00:00
426.8,7306.78,7378,2709,100,1,4669,2709,414.09,2023-12-07 03:00:00
422.85,7289.94,7359,2780,100,1,4579,2780,415.04,2023-12-07 04:00:00
425.17,7278.92,7338,2832,100,1,4506,2832,410.37,2023-12-07 05:00:00
416.1,7173.56,7248,2709,100,1,4539,2709,412.42,2023-12-07 06:00:00
399.68,6842.59,6902,2675,100,1,4227,2675,407.51,2023-12-07 07:00:00
440.86,7600.35,7681,2290,100,1,5391,2290,403.52,2023-12-07 08:00:00
440.91,7548.44,7610,1853,97,1,5757,1853,395.92,2023-12-07 09:00:00
401.71,6925.41,6995,2212,98,1,4783,2212,405.44,2023-12-07 10:00:00
478.93,8199.25,8269,3034,100,1,5235,3034,403.83,2023-12-07 11:00:00
396.96,6843.68,6910,2248,100,1,4662,2248,405.42,2023-12-07 12:00:00
469.34,8035.05,8104,2752,100,1,5352,2752,402.1,2023-12-07 13:00:00
397.53,6853.39,6917,2257,100,1,4660,2257,406.29,2023-12-07 14:00:00
321.83,5509.77,5556,1772,100,1,3784,1772,401.56,2023-12-07 15:00:00
325.91,5618.61,5674,1575,100,1,4099,1575,401.7,2023-12-07 16:00:00
292.59,5009.14,5049,1331,100,1,3718,1331,395.62,2023-12-07 17:00:00
290.87,5014.54,5061,1168,100,1,3893,1168,397.32,2023-12-07 18:00:00
285.55,4888.54,4932,1171,93,1,3761,1171,391.91,2023-12-07 19:00:00
293.29,5056.27,5105,1246,100,1,3859,1246,394.09,2023-12-07 20:00:00
293.3,5021.21,5067,1179,100,1,3888,1179,390.86,2023-12-07 21:00:00
304.37,5247.36,5296,1199,100,1,4097,1199,395.27,2023-12-07 22:00:00
320.76,5491.48,5538,1193,100,1,4345,1193,391.07,2023-12-07 23:00:00
277.12,4777.62,4825,1045,100,1,3780,1045,393.84,2023-12-08 00:00:00
275.18,4711.16,4751,1115,100,1,3636,1115,391.4,2023-12-08 01:00:00
266.4,4592.71,4636,1061,100,1,3575,1061,396.31,2023-12-08 02:00:00
257.61,4410.29,4449,1044,100,1,3405,1044,392.85,2023-12-08 03:00:00
261.94,4515.91,4559,1047,100,1,3512,1047,397.45,2023-12-08 04:00:00
259.85,4448.64,4487,1096,100,1,3391,1096,394.75,2023-12-08 05:00:00
283.22,4882.72,4930,1435,100,1,3495,1435,402.22,2023-12-08 06:00:00
312.79,5354.99,5404,1891,100,1,3513,1891,402.42,2023-12-08 07:00:00
387.58,6681.89,6748,2140,100,1,4608,2140,407.58,2023-12-08 08:00:00
333.38,5707.41,5758,1739,92,1,4019,1739,401.55,2023-12-08 09:00:00
371.13,6398.3,6462,2071,100,1,4391,2071,402.51,2023-12-08 10:00:00
341.8,5851.57,5907,1829,100,1,4078,1829,398.16,2023-12-08 11:00:00
307.79,5306.35,5358,1519,100,1,3839,1519,399.26,2023-12-08 12:00:00
313.4,5365.48,5415,1467,100,1,3948,1467,393.38,2023-12-08 13:00:00
321.99,5551.14,5605,1502,100,1,4103,1502,398.8,2023-12-08 14:00:00
377.76,6467.21,6527,2269,100,1,4258,2269,399.76,2023-12-08 15:00:00
376.89,6497.53,6562,2062,100,1,4500,2062,407.63,2023-12-08 16:00:00
367.46,6290.94,6348,2123,100,1,4225,2123,405.25,2023-12-08 17:00:00
355.2,6123.59,6183,2095,100,1,4088,2095,408.75,2023-12-08 18:00:00
347.12,5942.71,5997,1639,93,1,4358,1639,400.58,2023-12-08 19:00:00
357.89,6170.06,6226,1485,100,1,4741,1485,402.88,2023-12-08 20:00:00
351.59,6019.26,6071,1705,100,1,4366,1705,399.96,2023-12-08 21:00:00
330.38,5695.75,5749,1586,100,1,4163,1586,406.71,2023-12-08 22:00:00
335.85,5749.82,5803,1428,100,1,4375,1428,402.23,2023-12-08 23:00:00
318.66,5493.72,5546,1330,100,1,4216,1330,405.8,2023-12-09 00:00:00
284.68,4873.72,4918,1187,100,1,3731,1187,401.55,2023-12-09 01:00:00
276.44,4765.87,4815,1254,100,1,3561,1254,407.79,2023-12-09 02:00:00
303.62,5197.95,5246,1140,100,1,4106,1140,402.71,2023-12-09 03:00:00
322.41,5558.43,5613,1170,100,1,4443,1170,407.61,2023-12-09 04:00:00
319.91,5476.8,5522,1244,100,1,4278,1244,403.57,2023-12-09 05:00:00
274.86,4738.61,4787,1188,100,1,3599,1188,407.26,2023-12-09 06:00:00
324.03,5547.39,5597,1500,93,1,4097,1500,414.52,2023-12-09 07:00:00
337.54,5819.11,5884,1697,100,1,4187,1697,424.05,2023-12-09 08:00:00
388.19,6645.86,6715,1851,100,1,4864,1851,416.84,2023-12-09 09:00:00
406.16,7002.16,7073,1868,100,1,5205,1868,419.99,2023-12-09 10:00:00
385.32,6596.65,6666,1785,100,1,4881,1785,413.72,2023-12-09 11:00:00
369.85,6376.14,6444,1831,100,1,4613,1831,416.44,2023-12-09 12:00:00
376.3,6442.31,6509,1842,100,1,4667,1842,408.1,2023-12-09 13:00:00
454.53,7836.02,7914,1793,100,1,6121,1793,409.55,2023-12-09 14:00:00
476.07,8150.36,8225,1670,100,1,6555,1670,403.88,2023-12-09 15:00:00
431.39,7437.21,7510,1697,100,1,5813,1697,407.27,2023-12-09 16:00:00
399.03,6831.46,6896,1869,93,1,5027,1869,403.52,2023-12-09 17:00:00
470.24,8107.0,8194,1823,100,1,6371,1823,407.0,2023-12-09 18:00:00
419.48,7181.43,7249,1553,100,1,5696,1553,402.53,2023-12-09 19:00:00
418.39,7213.0,7286,1497,100,1,5789,1497,405.73,2023-12-09 20:00:00
385.35,6597.24,6658,1564,100,1,5094,1564,401.94,2023-12-09 21:00:00
350.51,6042.77,6109,1436,100,1,4673,1436,405.43,2023-12-09 22:00:00
322.68,5524.27,5576,1296,100,1,4280,1296,401.64,2023-12-09 23:00:00
324.3,5590.99,5651,1238,100,1,4413,1238,405.53,2023-12-10 00:00:00
325.2,5567.48,5617,1224,100,1,4393,1224,401.29,2023-12-10 01:00:00
321.07,5535.16,5595,1141,100,1,4454,1141,403.17,2023-12-10 02:00:00
375.49,6428.32,6487,1123,100,1,5364,1123,398.97,2023-12-10 03:00:00
337.9,5825.44,5887,1223,100,1,4664,1223,401.68,2023-12-10 04:00:00
348.87,5972.64,6033,1085,100,1,4948,1085,396.47,2023-12-10 05:00:00
317.43,5472.55,5528,1242,92,1,4286,1242,399.59,2023-12-10 06:00:00
333.89,5716.28,5766,1448,100,1,4318,1448,392.87,2023-12-10 07:00:00
364.11,6277.19,6332,1365,100,1,4967,1365,393.12,2023-12-10 08:00:00
292.26,5003.49,5047,1209,100,1,3838,1209,387.63,2023-12-10 09:00:00
354.35,6109.01,6173,1284,100,1,4889,1284,390.04,2023-12-10 10:00:00
321.3,5500.68,5543,1306,100,1,4237,1306,386.28,2023-12-10 11:00:00
297.66,5131.72,5178,1178,100,1,4000,1178,389.42,2023-12-10 12:00:00
324.92,5562.55,5607,1240,100,1,4367,1240,386.16,2023-12-10 13:00:00
356.02,6137.71,6198,1267,100,1,4931,1267,389.95,2023-12-10 14:00:00
297.51,5093.43,5140,1220,100,1,3920,1220,386.68,2023-12-10 15:00:00
266.82,4599.9,4644,1045,100,1,3599,1045,389.83,2023-12-10 16:00:00
254.62,4359.16,4404,832,100,1,3572,832,385.74,2023-12-10 17:00:00
246.54,4250.36,4293,747,100,1,3546,747,387.7,2023-12-10 18:00:00
236.75,4053.19,4088,670,100,1,3418,670,382.74,2023-12-10 19:00:00
232.96,4016.16,4056,627,100,1,3429,627,385.57,2023-12-10 20:00:00
271.59,4649.68,4688,656,100,1,4032,656,381.67,2023-12-10 21:00:00
240.69,4149.42,4189,591,97,1,3598,591,384.94,2023-12-10 22:00:00
279.88,4791.52,4833,558,98,1,4275,558,380.43,2023-12-10 23:00:00
207.96,3585.25,3621,479,100,1,3142,479,383.76,2023-12-11 00:00:00
205.29,3514.65,3546,506,100,1,3040,506,379.65,2023-12-11 01:00:00
202.47,3490.53,3524,523,100,1,3001,523,383.39,2023-12-11 02:00:00
196.24,3359.55,3390,542,100,1,2848,542,380.11,2023-12-11 03:00:00
203.44,3507.38,3542,666,100,1,2876,666,384.95,2023-12-11 04:00:00
231.8,3968.39,4003,795,100,1,3208,795,382.78,2023-12-11 05:00:00
232.49,4008.2,4048,858,100,1,3190,858,388.0,2023-12-11 06:00:00
222.51,3809.34,3843,936,100,1,2907,936,384.54,2023-12-11 07:00:00
228.69,3942.67,3983,923,100,1,3060,923,388.06,2023-12-11 08:00:00
238.97,4091.13,4130,898,100,1,3232,898,383.7,2023-12-11 09:00:00
297.83,5134.58,5187,875,100,1,4312,875,386.2,2023-12-11 10:00:00
236.3,4045.49,4085,805,100,1,3280,805,382.04,2023-12-11 11:00:00
233.56,4026.49,4067,771,100,1,3296,771,385.24,2023-12-11 12:00:00
248.99,4262.73,4304,760,100,1,3544,760,381.27,2023-12-11 13:00:00
220.05,3793.74,3831,662,100,1,3169,662,384.38,2023-12-11 14:00:00
284.43,4869.38,4914,621,100,1,4293,621,380.06,2023-12-11 15:00:00
224.99,3878.83,3916,622,100,1,3294,622,382.91,2023-12-11 16:00:00
228.75,3916.23,3954,529,100,1,3425,529,379.09,2023-12-11 17:00:00
224.08,3863.18,3901,447,100,1,3454,447,382.06,2023-12-11 18:00:00
217.69,3726.9,3761,414,100,1,3347,414,379.36,2023-12-11 19:00:00
202.6,3492.82,3528,411,100,1,3117,411,383.76,2023-12-11 20:00:00
192.68,3298.64,3328,370,100,1,2958,370,379.96,2023-12-11 21:00:00
235.43,4058.76,4099,359,100,1,3740,359,382.59,2023-12-11 22:00:00
199.62,3417.57,3449,335,100,1,3114,335,378.18,2023-12-11 23:00:00
206.58,3561.37,3597,384,100,1,3213,384,380.34,2023-12-12 00:00:00
197.15,3375.25,3405,316,100,1,3089,316,375.24,2023-12-12 01:00:00
188.17,3243.98,3277,276,93,1,3001,276,378.58,2023-12-12 02:00:00
183.55,3142.3,3171,354,100,1,2817,354,376.97,2023-12-12 03:00:00
195.98,3378.64,3411,437,100,1,2974,437,381.82,2023-12-12 04:00:00
218.9,3747.54,3782,520,100,1,3262,520,378.32,2023-12-12 05:00:00
194.67,3356.06,3390,578,100,1,2812,578,381.81,2023-12-12 06:00:00
199.21,3410.51,3441,638,100,1,2803,638,379.29,2023-12-12 07:00:00
228.8,3944.43,3984,687,100,1,3297,687,389.63,2023-12-12 08:00:00
244.71,4189.36,4232,743,100,1,3489,743,387.4,2023-12-12 09:00:00
304.34,5246.88,5303,750,100,1,4553,750,389.6,2023-12-12 10:00:00
267.15,4573.66,4622,702,100,1,3920,702,383.41,2023-12-12 11:00:00
273.83,4720.89,4776,725,100,1,4051,725,385.13,2023-12-12 12:00:00
276.02,4725.47,4777,718,100,1,4059,718,379.39,2023-12-12 13:00:00
295.7,5097.93,5152,689,100,1,4463,689,381.23,2023-12-12 14:00:00
353.47,6051.32,6115,636,100,1,5479,636,376.76,2023-12-12 15:00:00
310.1,5346.15,5401,580,100,1,4821,580,379.8,2023-12-12 16:00:00
285.73,4891.68,4942,543,100,1,4399,543,376.31,2023-12-12 17:00:00
293.3,5056.41,5113,527,100,1,4586,527,379.18,2023-12-12 18:00:00
311.65,5335.38,5387,510,100,1,4877,510,375.43,2023-12-12 19:00:00
358.81,6185.81,6256,509,100,1,5747,509,378.02,2023-12-12 20:00:00
275.93,4724.0,4772,503,100,1,4269,503,373.97,2023-12-12 21:00:00
373.32,6436.04,6509,501,100,1,6008,501,376.65,2023-12-12 22:00:00
384.87,6589.0,6647,450,100,1,6197,450,372.99,2023-12-12 23:00:00
339.17,5847.34,5906,466,100,1,5440,466,376.1,2023-12-13 00:00:00
361.83,6194.61,6246,424,100,1,5822,424,372.55,2023-12-13 01:00:00
392.29,6763.05,6834,419,100,1,6415,419,375.19,2023-12-13 02:00:00
454.28,7777.36,7846,433,100,1,7413,433,371.98,2023-12-13 03:00:00
320.56,5526.48,5586,483,100,1,5103,483,375.04,2023-12-13 04:00:00
393.74,6740.84,6799,570,100,1,6229,570,372.6,2023-12-13 05:00:00
575.04,9913.7,10018,663,100,1,9355,663,376.55,2023-12-13 06:00:00
396.96,6795.94,6859,680,100,1,6179,680,374.19,2023-12-13 07:00:00
439.14,7570.8,7653,713,100,1,6940,713,375.54,2023-12-13 08:00:00
417.92,7154.76,7207,830,100,1,6377,830,370.29,2023-12-13 09:00:00
427.8,7375.29,7442,838,92,1,6604,838,373.62,2023-12-13 10:00:00
493.25,8444.44,8511,940,100,1,7571,940,372.1,2023-12-13 11:00:00
451.15,7777.77,7846,957,100,1,6889,957,375.07,2023-12-13 12:00:00
510.93,8747.16,8822,983,100,1,7839,983,372.79,2023-12-13 13:00:00
354.56,6112.54,6165,968,100,1,5197,968,376.12,2023-12-13 14:00:00
359.69,6157.97,6210,846,100,1,5364,846,372.59,2023-12-13 15:00:00
381.51,6577.3,6634,778,100,1,5856,778,375.56,2023-12-13 16:00:00
365.7,6260.73,6312,778,100,1,5534,778,373.85,2023-12-13 17:00:00
343.54,5922.62,5983,788,100,1,5195,788,378.91,2023-12-13 18:00:00
298.43,5109.04,5156,721,100,1,4435,721,375.65,2023-12-13 19:00:00
389.82,6720.48,6785,733,100,1,6052,733,379.68,2023-12-13 20:00:00
321.4,5502.43,5548,670,100,1,4878,670,376.19,2023-12-13 21:00:00
354.55,6112.48,6171,600,100,1,5571,600,379.7,2023-12-13 22:00:00
380.71,6517.76,6578,581,100,1,5997,581,376.39,2023-12-13 23:00:00
283.93,4895.03,4942,527,100,1,4415,527,380.77,2023-12-14 00:00:00
266.12,4555.96,4597,553,100,1,4044,553,377.0,2023-12-14 01:00:00
322.13,5553.45,5613,583,100,1,5030,583,381.85,2023-12-14 02:00:00
314.34,5381.57,5434,625,100,1,4809,625,378.88,2023-12-14 03:00:00
300.08,5173.46,5221,725,100,1,4496,725,383.58,2023-12-14 04:00:00
277.65,4753.4,4796,790,100,1,4006,790,380.75,2023-12-14 05:00:00
297.35,5126.24,5178,814,100,1,4364,814,385.99,2023-12-14 06:00:00
314.65,5386.87,5430,991,100,1,4439,991,382.54,2023-12-14 07:00:00
310.35,5350.48,5405,1070,100,1,4335,1070,385.76,2023-12-14 08:00:00
350.86,6006.79,6062,1160,100,1,4902,1160,381.65,2023-12-14 09:00:00
311.66,5373.05,5421,1125,92,1,4296,1125,385.28,2023-12-14 10:00:00
308.61,5283.37,5329,1115,100,1,4214,1115,381.87,2023-12-14 11:00:00
396.81,6840.99,6904,1097,100,1,5807,1097,385.99,2023-12-14 12:00:00
301.55,5162.45,5204,1123,100,1,4081,1123,382.41,2023-12-14 13:00:00
323.64,5579.49,5633,1327,100,1,4306,1327,386.78,2023-12-14 14:00:00
338.58,5796.56,5850,1315,100,1,4535,1315,382.92,2023-12-14 15:00:00
474.35,8177.8,8257,1287,100,1,6970,1287,386.38,2023-12-14 16:00:00
370.72,6346.71,6405,1166,100,1,5239,1166,382.58,2023-12-14 17:00:00
360.16,6209.12,6269,1138,100,1,5131,1138,388.33,2023-12-14 18:00:00
394.49,6753.68,6818,1269,100,1,5549,1269,388.79,2023-12-14 19:00:00
446.39,7695.7,7770,1231,100,1,6539,1231,394.94,2023-12-14 20:00:00
348.3,5962.94,6018,1225,100,1,4793,1225,391.84,2023-12-14 21:00:00
405.52,6991.18,7060,1037,100,1,6023,1037,395.31,2023-12-14 22:00:00
358.73,6141.42,6197,1068,100,1,5129,1068,390.36,2023-12-14 23:00:00
254.65,4390.14,4435,1026,100,1,3409,1026,391.45,2023-12-15 00:00:00
261.94,4484.43,4524,713,100,1,3811,713,383.92,2023-12-15 01:00:00
253.38,4368.32,4415,686,100,1,3729,686,385.71,2023-12-15 02:00:00
263.33,4508.19,4552,686,93,1,3866,686,380.73,2023-12-15 03:00:00
303.1,5225.44,5278,715,100,1,4563,715,383.95,2023-12-15 04:00:00
275.41,4715.04,4760,1032,100,1,3728,1032,380.58,2023-12-15 05:00:00
271.12,4674.17,4722,908,100,1,3814,908,385.45,2023-12-15 06:00:00
299.66,5130.17,5180,1093,100,1,4087,1093,388.92,2023-12-15 07:00:00
342.44,5903.66,5971,1296,100,1,4675,1296,399.09,2023-12-15 08:00:00
344.69,5901.09,5969,1289,100,1,4680,1289,392.83,2023-12-15 09:00:00
331.36,5712.67,5776,1293,100,1,4483,1293,393.16,2023-12-15 10:00:00
355.89,6092.83,6157,1495,100,1,4662,1495,388.46,2023-12-15 11:00:00
394.16,6795.31,6870,1865,100,1,5005,1865,392.65,2023-12-15 12:00:00
453.82,7769.32,7850,2576,100,1,5274,2576,390.56,2023-12-15 13:00:00
414.07,7138.61,7214,1976,100,1,5238,1976,393.09,2023-12-15 14:00:00
401.4,6871.89,6937,1962,100,1,4975,1962,388.34,2023-12-15 15:00:00
391.04,6741.53,6810,1486,92,1,5324,1486,389.39,2023-12-15 16:00:00
410.36,7025.39,7094,1134,100,1,5960,1134,382.9,2023-12-15 17:00:00
353.86,6100.55,6166,917,100,1,5249,917,383.66,2023-12-15 18:00:00
354.7,6072.52,6128,1134,100,1,4994,1134,380.92,2023-12-15 19:00:00
367.12,6329.09,6396,1149,100,1,5247,1149,384.72,2023-12-15 20:00:00
349.89,5990.05,6047,1237,100,1,4810,1237,382.89,2023-12-15 21:00:00
352.77,6081.69,6143,1156,100,1,4987,1156,386.95,2023-12-15 22:00:00
352.08,6027.55,6081,1227,100,1,4854,1227,384.18,2023-12-15 23:00:00
339.88,5859.5,5925,1071,100,1,4854,1071,388.07,2023-12-16 00:00:00
336.38,5758.9,5812,1032,100,1,4780,1032,385.14,2023-12-16 01:00:00
333.95,5757.38,5816,958,100,1,4858,958,387.02,2023-12-16 02:00:00
322.19,5515.94,5568,999,100,1,4569,999,384.42,2023-12-16 03:00:00
323.25,5572.77,5634,1099,100,1,4535,1099,387.69,2023-12-16 04:00:00
288.35,4936.63,4981,1205,100,1,3776,1205,385.37,2023-12-16 05:00:00
298.56,5147.25,5198,1187,100,1,4011,1187,389.21,2023-12-16 06:00:00
286.29,4901.36,4945,1195,100,1,3750,1195,385.54,2023-12-16 07:00:00
285.87,4928.41,4973,1161,100,1,3812,1161,385.74,2023-12-16 08:00:00
277.12,4744.21,4784,1110,100,1,3674,1110,384.12,2023-12-16 09:00:00
296.59,5113.14,5164,1164,93,1,4000,1164,387.88,2023-12-16 10:00:00
294.22,5037.04,5079,1046,100,1,4033,1046,386.45,2023-12-16 11:00:00
284.73,4908.71,4956,1134,100,1,3822,1134,390.17,2023-12-16 12:00:00
291.05,4982.73,5025,1000,100,1,4025,1000,388.72,2023-12-16 13:00:00
279.7,4821.95,4865,984,100,1,3881,984,391.51,2023-12-16 14:00:00
294.42,5040.4,5080,1044,100,1,4036,1044,388.89,2023-12-16 15:00:00
274.59,4733.99,4779,956,100,1,3823,956,392.21,2023-12-16 16:00:00
286.76,4909.33,4952,1096,100,1,3856,1096,390.26,2023-12-16 17:00:00
270.05,4655.59,4702,821,100,1,3881,821,392.23,2023-12-16 18:00:00
246.81,4225.4,4260,661,100,1,3599,661,388.32,2023-12-16 19:00:00
246.85,4255.62,4298,718,100,1,3580,718,391.93,2023-12-16 20:00:00
296.38,5074.09,5123,1159,100,1,3964,1159,391.13,2023-12-16 21:00:00
304.13,5243.14,5298,1161,100,1,4137,1161,393.36,2023-12-16 22:00:00
254.15,4351.1,4393,778,100,1,3615,778,389.41,2023-12-16 23:00:00
244.71,4218.84,4261,704,100,1,3557,704,390.97,2023-12-17 00:00:00
238.34,4080.34,4119,602,100,1,3517,602,385.96,2023-12-17 01:00:00
207.71,3580.84,3621,390,100,1,3231,390,386.41,2023-12-17 02:00:00
200.51,3432.7,3466,374,100,1,3092,374,382.03,2023-12-17 03:00:00
202.4,3489.36,3524,321,100,1,3203,321,382.9,2023-12-17 04:00:00
190.68,3264.45,3297,332,100,1,2965,332,379.23,2023-12-17 05:00:00
221.04,3810.67,3852,566,100,1,3286,566,381.42,2023-12-17 06:00:00
216.03,3698.36,3735,657,100,1,3078,657,379.43,2023-12-17 07:00:00
317.58,5475.09,5537,724,100,1,4813,724,382.83,2023-12-17 08:00:00
235.45,4030.85,4067,656,100,1,3411,656,381.26,2023-12-17 09:00:00
253.69,4373.7,4420,581,93,1,3839,581,385.6,2023-12-17 10:00:00
247.67,4240.09,4280,605,100,1,3675,605,385.17,2023-12-17 11:00:00
283.87,4893.94,4945,1699,100,1,3246,1699,387.62,2023-12-17 12:00:00
219.35,3755.35,3793,614,100,1,3179,614,383.7,2023-12-17 13:00:00
215.8,3720.44,3759,503,100,1,3256,503,383.26,2023-12-17 14:00:00
201.98,3457.92,3490,444,100,1,3046,444,378.4,2023-12-17 15:00:00
205.94,3550.33,3584,404,100,1,3180,404,379.66,2023-12-17 16:00:00
206.79,3540.33,3573,373,100,1,3200,373,376.04,2023-12-17 17:00:00
196.78,3392.43,3426,292,100,1,3134,292,376.66,2023-12-17 18:00:00
197.19,3375.9,3407,251,100,1,3156,251,373.12,2023-12-17 19:00:00
231.87,3997.51,4041,1012,100,1,3029,1012,375.31,2023-12-17 20:00:00
196.91,3371.14,3401,331,100,1,3070,331,372.93,2023-12-17 21:00:00
178.87,3083.64,3116,207,100,1,2909,207,374.6,2023-12-17 22:00:00
181.69,3110.51,3140,156,100,1,2984,156,371.38,2023-12-17 23:00:00
187.48,3232.21,3267,175,100,1,3092,175,373.1,2023-12-18 00:00:00
178.34,3053.2,3081,207,100,1,2874,207,370.7,2023-12-18 01:00:00
181.07,3121.71,3155,175,100,1,2980,175,373.16,2023-12-18 02:00:00
179.06,3065.55,3096,322,100,1,2774,322,370.97,2023-12-18 03:00:00
197.31,3401.58,3434,493,100,1,2941,493,375.41,2023-12-18 04:00:00
220.55,3775.75,3808,721,100,1,3087,721,375.24,2023-12-18 05:00:00
209.04,3603.91,3644,645,100,1,2999,645,378.29,2023-12-18 06:00:00
199.51,3415.63,3445,654,100,1,2791,654,375.47,2023-12-18 07:00:00
210.63,3631.29,3670,760,100,1,2910,760,379.17,2023-12-18 08:00:00
234.71,4018.22,4054,960,100,1,3094,960,378.73,2023-12-18 09:00:00
283.44,4886.54,4937,1507,100,1,3430,1507,383.12,2023-12-18 10:00:00
269.19,4608.61,4650,1227,100,1,3423,1227,380.94,2023-12-18 11:00:00
235.13,4053.58,4095,841,100,1,3254,841,381.03,2023-12-18 12:00:00
222.94,3816.81,3854,784,100,1,3070,784,377.49,2023-12-18 13:00:00
214.32,3694.89,3733,672,100,1,3061,672,378.73,2023-12-18 14:00:00
218.55,3741.58,3772,714,100,1,3058,714,376.97,2023-12-18 15:00:00
230.89,3980.54,4021,792,100,1,3229,792,379.85,2023-12-18 16:00:00
217.91,3730.63,3766,663,100,1,3103,663,378.06,2023-12-18 17:00:00
210.5,3628.99,3667,448,100,1,3219,448,379.45,2023-12-18 18:00:00
200.01,3424.16,3454,486,100,1,2968,486,377.59,2023-12-18 19:00:00
195.32,3367.37,3402,409,100,1,2993,409,379.18,2023-12-18 20:00:00
195.76,3351.38,3379,357,93,1,3022,357,376.35,2023-12-18 21:00:00
183.26,3159.45,3192,322,100,1,2870,322,377.76,2023-12-18 22:00:00
179.17,3067.44,3093,265,100,1,2828,265,374.65,2023-12-18 23:00:00
172.28,2970.1,3001,182,100,1,2819,182,375.68,2023-12-19 00:00:00
167.6,2869.34,2896,189,100,1,2707,189,372.89,2023-12-19 01:00:00
182.14,3140.16,3171,270,100,1,2901,270,375.57,2023-12-19 02:00:00
178.02,3047.68,3073,297,100,1,2776,297,374.22,2023-12-19 03:00:00
187.94,3240.16,3274,283,100,1,2991,283,375.92,2023-12-19 04:00:00
192.76,3300.0,3331,364,100,1,2967,364,374.06,2023-12-19 05:00:00
201.05,3466.11,3501,546,100,1,2955,546,376.98,2023-12-19 06:00:00
206.65,3537.85,3572,597,100,1,2975,597,374.45,2023-12-19 07:00:00
194.41,3351.56,3387,509,100,1,2878,509,377.22,2023-12-19 08:00:00
204.47,3500.46,3535,484,100,1,3051,484,374.44,2023-12-19 09:00:00
201.69,3477.06,3515,465,100,1,3050,465,376.16,2023-12-19 10:00:00
196.53,3364.58,3400,434,100,1,2966,434,373.98,2023-12-19 11:00:00
205.72,3546.64,3588,584,100,1,3004,584,376.58,2023-12-19 12:00:00
196.92,3371.21,3408,563,100,1,2845,563,374.75,2023-12-19 13:00:00
200.61,3458.57,3498,455,100,1,3043,455,377.6,2023-12-19 14:00:00
196.94,3371.64,3406,457,100,1,2949,457,377.11,2023-12-19 15:00:00
207.79,3582.3,3625,573,100,1,3052,573,381.54,2023-12-19 16:00:00
207.42,3550.97,3583,571,100,1,3012,571,379.42,2023-12-19 17:00:00
189.71,3270.55,3308,346,100,1,2962,346,381.36,2023-12-19 18:00:00
187.88,3216.53,3248,313,100,1,2935,313,378.99,2023-12-19 19:00:00
194.49,3352.96,3389,343,100,1,3046,343,381.37,2023-12-19 20:00:00
194.64,3332.18,3369,361,100,1,3008,361,378.7,2023-12-19 21:00:00
184.01,3172.28,3207,414,100,1,2793,414,380.67,2023-12-19 22:00:00
191.75,3282.77,3318,413,100,1,2905,413,379.2,2023-12-19 23:00:00
200.72,3460.4,3500,502,100,1,2998,502,381.46,2023-12-20 00:00:00
183.94,3148.98,3183,375,100,1,2808,375,378.54,2023-12-20 01:00:00
181.69,3132.34,3167,306,100,1,2861,306,380.06,2023-12-20 02:00:00
186.24,3188.48,3222,417,100,1,2805,417,375.74,2023-12-20 03:00:00
191.69,3304.7,3342,471,100,1,2871,471,376.44,2023-12-20 04:00:00
193.48,3312.36,3349,470,100,1,2879,470,375.86,2023-12-20 05:00:00
206.82,3565.55,3603,603,100,1,3000,603,378.42,2023-12-20 06:00:00
221.18,3786.61,3825,718,100,1,3107,718,377.24,2023-12-20 07:00:00
242.27,4176.81,4224,913,100,1,3311,913,382.96,2023-12-20 08:00:00
254.22,4352.31,4404,945,100,1,3459,945,380.53,2023-12-20 09:00:00
268.16,4623.04,4672,1169,100,1,3503,1169,383.46,2023-12-20 10:00:00
265.01,4536.92,4592,1015,100,1,3577,1015,383.54,2023-12-20 11:00:00
254.55,4388.38,4442,971,100,1,3471,971,384.56,2023-12-20 12:00:00
267.91,4586.56,4642,1062,100,1,3580,1062,382.13,2023-12-20 13:00:00
265.1,4570.38,4626,972,92,1,3654,972,383.87,2023-12-20 14:00:00
247.65,4239.76,4286,925,100,1,3361,925,381.28,2023-12-20 15:00:00
272.51,4698.13,4752,1117,100,1,3635,1117,383.09,2023-12-20 16:00:00
259.02,4434.35,4484,942,100,1,3542,942,378.35,2023-12-20 17:00:00
266.75,4598.74,4651,838,100,1,3813,838,378.6,2023-12-20 18:00:00
258.63,4427.78,4477,881,100,1,3596,881,374.29,2023-12-20 19:00:00
255.03,4396.74,4446,840,100,1,3606,840,374.99,2023-12-20 20:00:00
291.26,4986.44,5042,787,100,1,4255,787,372.5,2023-12-20 21:00:00
267.9,4618.59,4671,850,100,1,3821,850,376.2,2023-12-20 22:00:00
278.69,4771.11,4824,871,100,1,3953,871,376.55,2023-12-20 23:00:00
256.21,4416.99,4469,484,100,1,3985,484,381.37,2023-12-21 00:00:00
271.24,4643.65,4699,601,100,1,4098,601,384.28,2023-12-21 01:00:00
289.17,4985.21,5047,857,100,1,4190,857,387.87,2023-12-21 02:00:00
268.96,4604.54,4658,573,100,1,4085,573,384.13,2023-12-21 03:00:00
273.91,4722.23,4778,635,100,1,4143,635,385.08,2023-12-21 04:00:00
278.25,4763.59,4815,608,100,1,4207,608,383.13,2023-12-21 05:00:00
283.29,4883.84,4937,675,100,1,4262,675,387.02,2023-12-21 06:00:00
304.26,5208.93,5266,1117,100,1,4149,1117,384.99,2023-12-21 07:00:00
298.98,5154.39,5207,1219,100,1,3988,1219,387.56,2023-12-21 08:00:00
316.73,5422.43,5481,1343,100,1,4138,1343,387.1,2023-12-21 09:00:00
293.26,5055.75,5112,1025,100,1,4087,1025,385.7,2023-12-21 10:00:00
274.19,4694.16,4743,778,100,1,3965,778,379.19,2023-12-21 11:00:00
256.98,4430.29,4478,818,100,1,3660,818,379.65,2023-12-21 12:00:00
278.42,4766.51,4817,1122,100,1,3695,1122,376.79,2023-12-21 13:00:00
293.11,5053.3,5107,1137,92,1,3970,1137,371.53,2023-12-21 14:00:00
286.09,4897.9,4938,1007,100,1,3931,1007,365.7,2023-12-21 15:00:00
270.15,4657.39,4695,869,100,1,3826,869,371.9,2023-12-21 16:00:00
235.04,4023.82,4053,798,100,1,3255,798,370.57,2023-12-21 17:00:00
221.68,3821.79,3857,742,100,1,3115,742,378.34,2023-12-21 18:00:00
220.2,3769.81,3800,734,100,1,3066,734,381.11,2023-12-21 19:00:00
229.04,3948.64,3990,764,100,1,3226,764,385.33,2023-12-21 20:00:00
210.96,3611.56,3645,654,100,1,2991,654,381.81,2023-12-21 21:00:00
204.15,3519.48,3556,559,100,1,2997,559,383.11,2023-12-21 22:00:00
222.09,3802.2,3843,816,100,1,3027,816,379.39,2023-12-21 23:00:00
194.59,3354.74,3389,443,100,1,2946,443,381.3,2023-12-22 00:00:00
189.75,3248.44,3283,378,100,1,2905,378,376.21,2023-12-22 01:00:00
182.79,3151.37,3185,372,100,1,2813,372,379.3,2023-12-22 02:00:00
202.24,3462.34,3495,529,100,1,2966,529,377.74,2023-12-22 03:00:00
206.14,3553.87,3591,587,100,1,3004,587,380.92,2023-12-22 04:00:00
209.85,3592.66,3629,706,100,1,2923,706,378.86,2023-12-22 05:00:00
225.35,3885.0,3928,823,100,1,3105,823,382.18,2023-12-22 06:00:00
235.4,4030.0,4070,927,100,1,3143,927,380.91,2023-12-22 07:00:00
235.59,4061.52,4105,973,100,1,3132,973,383.18,2023-12-22 08:00:00
219.81,3763.13,3801,838,100,1,2963,838,384.13,2023-12-22 09:00:00
255.98,4413.16,4460,1223,100,1,3237,1223,387.47,2023-12-22 10:00:00
238.87,4089.53,4135,1164,100,1,2971,1164,384.85,2023-12-22 11:00:00
244.21,4210.2,4256,1045,100,1,3211,1045,383.96,2023-12-22 12:00:00
219.61,3759.77,3799,853,100,1,2946,853,379.69,2023-12-22 13:00:00
223.62,3855.15,3897,806,92,1,3091,806,380.69,2023-12-22 14:00:00
216.33,3703.65,3744,733,100,1,3011,733,379.54,2023-12-22 15:00:00
216.59,3734.09,3776,699,100,1,3077,699,382.68,2023-12-22 16:00:00
235.31,4028.58,4072,916,100,1,3156,916,381.27,2023-12-22 17:00:00
249.24,4296.9,4347,992,100,1,3355,992,384.29,2023-12-22 18:00:00
250.65,4291.13,4339,979,100,1,3360,979,382.04,2023-12-22 19:00:00
238.51,4111.84,4159,996,100,1,3163,996,385.31,2023-12-22 20:00:00
233.85,4003.59,4046,915,100,1,3131,915,383.7,2023-12-22 21:00:00
217.21,3744.75,3785,883,100,1,2902,883,385.71,2023-12-22 22:00:00
235.4,4030.06,4073,829,100,1,3244,829,383.1,2023-12-22 23:00:00
222.74,3840.03,3881,800,100,1,3081,800,384.54,2023-12-23 00:00:00
243.19,4163.44,4208,854,100,1,3354,854,379.46,2023-12-23 01:00:00
234.18,4037.23,4082,828,100,1,3254,828,380.81,2023-12-23 02:00:00
215.28,3685.64,3726,776,100,1,2950,776,379.67,2023-12-23 03:00:00
188.1,3242.82,3279,692,100,1,2587,692,381.25,2023-12-23 04:00:00
180.22,3085.28,3118,656,100,1,2462,656,381.09,2023-12-23 05:00:00
181.31,3125.71,3160,685,100,1,2475,685,384.13,2023-12-23 06:00:00
194.71,3333.42,3368,833,100,1,2535,833,381.23,2023-12-23 07:00:00
196.85,3393.64,3430,899,100,1,2531,899,382.8,2023-12-23 08:00:00
215.16,3683.5,3722,960,100,1,2762,960,380.37,2023-12-23 09:00:00
204.76,3530.05,3569,848,100,1,2721,848,382.29,2023-12-23 10:00:00
210.38,3601.64,3639,821,100,1,2818,821,378.74,2023-12-23 11:00:00
200.13,3450.21,3485,726,100,1,2759,726,379.63,2023-12-23 12:00:00
221.89,3798.7,3838,1033,93,1,2805,1033,377.88,2023-12-23 13:00:00
223.71,3856.85,3896,985,100,1,2911,985,379.51,2023-12-23 14:00:00
237.9,4072.81,4114,1205,100,1,2909,1205,376.95,2023-12-23 15:00:00
207.82,3582.82,3623,776,100,1,2847,776,378.54,2023-12-23 16:00:00
221.53,3792.54,3834,854,100,1,2980,854,376.89,2023-12-23 17:00:00
233.85,4031.62,4076,951,100,1,3125,951,378.99,2023-12-23 18:00:00
251.21,4300.66,4344,949,100,1,3395,949,379.85,2023-12-23 19:00:00
259.05,4466.06,4515,1388,100,1,3127,1388,386.49,2023-12-23 20:00:00
287.12,4915.46,4969,1446,100,1,3523,1446,382.45,2023-12-23 21:00:00
219.21,3779.21,3820,644,100,1,3176,644,381.47,2023-12-23 22:00:00
256.81,4396.63,4441,825,100,1,3616,825,379.48,2023-12-23 23:00:00
272.71,4701.53,4753,969,100,1,3784,969,381.93,2023-12-24 00:00:00
269.32,4610.73,4658,952,100,1,3706,952,379.33,2023-12-24 01:00:00
254.36,4385.14,4434,917,100,1,3517,917,381.58,2023-12-24 02:00:00
258.48,4425.12,4465,920,100,1,3545,920,379.38,2023-12-24 03:00:00
239.15,4122.95,4168,816,100,1,3352,816,380.29,2023-12-24 04:00:00
236.0,4040.26,4083,814,100,1,3269,814,377.44,2023-12-24 05:00:00
229.63,3958.81,4001,869,100,1,3132,869,380.92,2023-12-24 06:00:00
240.61,4119.2,4161,950,100,1,3211,950,377.72,2023-12-24 07:00:00
215.43,3714.0,3755,643,100,1,3112,643,379.14,2023-12-24 08:00:00
217.76,3728.1,3767,700,93,1,3067,700,375.2,2023-12-24 09:00:00
207.29,3573.61,3614,610,100,1,3004,610,377.69,2023-12-24 10:00:00
216.82,3711.94,3750,655,100,1,3095,655,374.38,2023-12-24 11:00:00
198.69,3425.43,3464,554,100,1,2910,554,375.81,2023-12-24 12:00:00
225.02,3852.41,3890,770,100,1,3120,770,374.88,2023-12-24 13:00:00
253.78,4375.12,4422,1121,100,1,3301,1121,378.12,2023-12-24 14:00:00
272.28,4661.43,4709,1259,100,1,3450,1259,376.79,2023-12-24 15:00:00
275.19,4744.27,4794,1418,100,1,3376,1418,380.07,2023-12-24 16:00:00
272.66,4667.99,4716,1176,100,1,3540,1176,378.69,2023-12-24 17:00:00
256.02,4413.75,4461,926,100,1,3535,926,381.94,2023-12-24 18:00:00
252.43,4321.65,4362,879,100,1,3483,879,380.69,2023-12-24 19:00:00
255.12,4398.23,4445,971,100,1,3474,971,383.07,2023-12-24 20:00:00
256.02,4383.01,4423,1055,100,1,3368,1055,380.95,2023-12-24 21:00:00
204.98,3533.94,3571,743,100,1,2828,743,381.57,2023-12-24 22:00:00
209.12,3580.07,3614,557,100,1,3057,557,377.65,2023-12-24 23:00:00
193.73,3339.9,3373,441,100,1,2932,441,379.93,2023-12-25 00:00:00
194.06,3322.27,3352,349,100,1,3003,349,376.36,2023-12-25 01:00:00
181.17,3123.38,3156,271,100,1,2885,271,377.91,2023-12-25 02:00:00
180.82,3095.58,3124,289,100,1,2835,289,375.18,2023-12-25 03:00:00
189.65,3269.58,3302,451,100,1,2851,451,378.36,2023-12-25 04:00:00
198.56,3399.33,3430,526,100,1,2904,526,376.8,2023-12-25 05:00:00
204.08,3518.3,3554,526,100,1,3028,526,384.08,2023-12-25 06:00:00
225.61,3862.37,3905,680,100,1,3225,680,381.27,2023-12-25 07:00:00
248.02,4275.94,4321,773,100,1,3548,773,381.09,2023-12-25 08:00:00
221.92,3799.19,3839,612,100,1,3227,612,376.33,2023-12-25 09:00:00
229.91,3963.61,4007,545,100,1,3462,545,377.2,2023-12-25 10:00:00
237.89,4072.63,4113,789,93,1,3324,789,373.95,2023-12-25 11:00:00
237.23,4089.77,4136,688,100,1,3448,688,377.29,2023-12-25 12:00:00
231.14,3957.19,4003,534,100,1,3469,534,375.54,2023-12-25 13:00:00
243.98,4206.19,4258,467,100,1,3791,467,376.86,2023-12-25 14:00:00
246.46,4219.42,4266,531,100,1,3735,531,373.7,2023-12-25 15:00:00
245.51,4232.67,4282,713,100,1,3569,713,376.19,2023-12-25 16:00:00
243.67,4171.69,4219,515,100,1,3704,515,372.6,2023-12-25 17:00:00
242.38,4178.7,4228,537,100,1,3691,537,375.08,2023-12-25 18:00:00
242.17,4146.01,4194,618,100,1,3576,618,372.73,2023-12-25 19:00:00
241.37,4161.17,4211,596,100,1,3615,596,375.38,2023-12-25 20:00:00
240.77,4121.91,4172,587,100,1,3585,587,373.27,2023-12-25 21:00:00
246.22,4244.77,4297,624,100,1,3673,624,376.07,2023-12-25 22:00:00
239.84,4106.01,4152,637,100,1,3515,637,374.06,2023-12-25 23:00:00
241.83,4169.1,4217,691,100,1,3526,691,377.1,2023-12-26 00:00:00
238.3,4079.75,4125,709,100,1,3416,709,375.05,2023-12-26 01:00:00
229.98,3964.87,4007,658,100,1,3349,658,377.9,2023-12-26 02:00:00
253.57,4341.05,4388,775,100,1,3613,775,376.57,2023-12-26 03:00:00
249.85,4307.46,4357,910,100,1,3447,910,379.89,2023-12-26 04:00:00
281.85,4825.3,4881,1445,100,1,3436,1445,381.25,2023-12-26 05:00:00
299.79,5168.32,5227,1982,100,1,3245,1982,386.48,2023-12-26 06:00:00
279.14,4778.9,4835,1501,100,1,3334,1501,382.33,2023-12-26 07:00:00
236.49,4077.01,4124,904,100,1,3220,904,381.3,2023-12-26 08:00:00
241.65,4137.06,4185,787,100,1,3398,787,376.77,2023-12-26 09:00:00
249.47,4300.88,4351,832,100,1,3519,832,377.53,2023-12-26 10:00:00
249.08,4264.31,4314,820,100,1,3494,820,374.7,2023-12-26 11:00:00
217.2,3744.48,3786,597,100,1,3189,597,364.19,2023-12-26 12:00:00
209.45,3585.87,3615,572,92,1,3043,572,364.93,2023-12-26 13:00:00
195.58,3371.78,3402,683,100,1,2719,683,371.14,2023-12-26 14:00:00
184.26,3154.48,3183,491,100,1,2692,491,373.18,2023-12-26 15:00:00
179.15,3088.61,3119,474,100,1,2645,474,374.54,2023-12-26 16:00:00
199.38,3413.39,3443,527,100,1,2916,527,373.63,2023-12-26 17:00:00
179.6,3096.32,3128,536,100,1,2592,536,376.92,2023-12-26 18:00:00
204.13,3494.74,3531,659,100,1,2872,659,379.34,2023-12-26 19:00:00
247.96,4274.88,4320,666,100,1,3654,666,383.24,2023-12-26 20:00:00
198.92,3405.5,3441,625,100,1,2816,625,380.59,2023-12-26 21:00:00
204.86,3531.75,3567,653,100,1,2914,653,381.78,2023-12-26 22:00:00
179.74,3077.22,3109,467,100,1,2642,467,378.82,2023-12-26 23:00:00
174.96,3016.29,3049,502,100,1,2547,502,381.89,2023-12-27 00:00:00
181.47,3106.81,3138,510,100,1,2628,510,375.08,2023-12-27 01:00:00
167.13,2881.38,2910,463,100,1,2447,463,379.98,2023-12-27 02:00:00
174.51,2987.7,3016,562,100,1,2454,562,378.07,2023-12-27 03:00:00
186.01,3206.73,3237,784,100,1,2453,784,381.15,2023-12-27 04:00:00
213.5,3655.06,3685,1112,100,1,2573,1112,382.61,2023-12-27 05:00:00
193.83,3341.6,3374,1234,100,1,2140,1234,387.49,2023-12-27 06:00:00
226.7,3881.18,3915,1664,100,1,2251,1664,386.46,2023-12-27 07:00:00
202.06,3483.53,3516,1183,100,1,2333,1183,392.17,2023-12-27 08:00:00
253.15,4333.86,4370,1902,100,1,2468,1902,391.84,2023-12-27 09:00:00
225.82,3893.08,3929,1322,100,1,2607,1322,393.38,2023-12-27 10:00:00
226.37,3875.42,3909,1282,100,1,2627,1282,388.35,2023-12-27 11:00:00
258.19,4451.12,4497,1659,100,1,2838,1659,391.59,2023-12-27 12:00:00
240.82,4122.88,4162,1255,92,1,2907,1255,385.0,2023-12-27 13:00:00
230.35,3971.31,4009,1340,100,1,2669,1340,389.91,2023-12-27 14:00:00
258.45,4424.71,4459,1649,100,1,2810,1649,386.23,2023-12-27 15:00:00
242.83,4186.37,4225,1433,100,1,2792,1433,388.99,2023-12-27 16:00:00
239.26,4096.08,4129,1168,100,1,2961,1168,385.33,2023-12-27 17:00:00
209.22,3606.93,3641,815,100,1,2826,815,386.87,2023-12-27 18:00:00
216.38,3704.47,3736,882,100,1,2854,882,381.42,2023-12-27 19:00:00
204.83,3531.23,3564,692,100,1,2872,692,383.81,2023-12-27 20:00:00
181.42,3105.83,3132,487,100,1,2645,487,381.87,2023-12-27 21:00:00
195.11,3363.69,3397,541,100,1,2856,541,382.14,2023-12-27 22:00:00
192.34,3292.78,3320,449,100,1,2871,449,378.36,2023-12-27 23:00:00
185.19,3192.68,3226,425,100,1,2801,425,381.85,2023-12-28 00:00:00
171.33,2933.18,2958,323,100,1,2635,323,379.74,2023-12-28 01:00:00
165.0,2844.61,2873,318,100,1,2555,318,380.63,2023-12-28 02:00:00
171.99,2944.45,2972,389,100,1,2583,389,378.77,2023-12-28 03:00:00
184.32,3177.69,3208,523,100,1,2685,523,381.56,2023-12-28 04:00:00
188.18,3221.61,3250,522,100,1,2728,522,378.75,2023-12-28 05:00:00
189.69,3270.26,3298,647,100,1,2651,647,384.3,2023-12-28 06:00:00
187.45,3209.09,3236,758,100,1,2478,758,382.53,2023-12-28 07:00:00
198.96,3430.14,3466,776,100,1,2690,776,385.31,2023-12-28 08:00:00
225.61,3862.47,3894,1027,100,1,2867,1027,380.71,2023-12-28 09:00:00
243.45,4197.13,4237,1251,100,1,2986,1251,385.43,2023-12-28 10:00:00
195.98,3355.17,3387,586,100,1,2801,586,381.79,2023-12-28 11:00:00
194.7,3356.71,3388,610,100,1,2778,610,382.01,2023-12-28 12:00:00
184.51,3158.82,3186,502,100,1,2684,502,377.92,2023-12-28 13:00:00
182.18,3140.78,3174,484,100,1,2690,484,380.1,2023-12-28 14:00:00
185.72,3179.49,3205,694,100,1,2511,694,377.95,2023-12-28 15:00:00
195.47,3369.96,3404,811,93,1,2593,811,381.6,2023-12-28 16:00:00
194.5,3329.76,3360,665,100,1,2695,665,379.4,2023-12-28 17:00:00
192.66,3321.45,3357,490,100,1,2867,490,380.01,2023-12-28 18:00:00
169.83,2907.44,2937,303,100,1,2634,303,375.95,2023-12-28 19:00:00
166.84,2876.33,2905,317,100,1,2588,317,377.08,2023-12-28 20:00:00
188.02,3218.91,3249,383,100,1,2866,383,375.68,2023-12-28 21:00:00
188.63,3252.02,3285,499,100,1,2786,499,378.6,2023-12-28 22:00:00
200.22,3427.78,3458,447,100,1,3011,447,376.41,2023-12-28 23:00:00
181.99,3137.57,3170,381,100,1,2789,381,379.17,2023-12-29 00:00:00
190.19,3256.0,3289,384,100,1,2905,384,376.91,2023-12-29 01:00:00
177.02,3051.74,3087,405,100,1,2682,405,379.42,2023-12-29 02:00:00
187.0,3201.49,3232,478,100,1,2754,478,377.15,2023-12-29 03:00:00
184.91,3187.78,3223,442,100,1,2781,442,380.86,2023-12-29 04:00:00
181.57,3108.48,3137,539,100,1,2598,539,376.52,2023-12-29 05:00:00
199.6,3441.16,3472,683,100,1,2789,683,380.3,2023-12-29 06:00:00
225.15,3854.58,3889,907,100,1,2982,907,378.85,2023-12-29 07:00:00
258.08,4449.24,4491,1332,100,1,3159,1332,383.74,2023-12-29 08:00:00
286.86,4911.0,4954,1519,100,1,3435,1519,382.27,2023-12-29 09:00:00
285.08,4914.82,4962,1606,100,1,3356,1606,390.0,2023-12-29 10:00:00
310.54,5316.5,5360,1647,100,1,3713,1647,389.65,2023-12-29 11:00:00
296.38,5109.66,5159,1487,100,1,3672,1487,393.27,2023-12-29 12:00:00
303.56,5196.93,5240,1599,100,1,3641,1599,390.19,2023-12-29 13:00:00
299.9,5170.24,5224,1553,100,1,3671,1553,390.52,2023-12-29 14:00:00
296.52,5076.48,5120,1462,93,1,3658,1462,388.35,2023-12-29 15:00:00
303.64,5234.78,5289,1310,100,1,3979,1310,389.89,2023-12-29 16:00:00
298.44,5109.35,5159,1224,100,1,3935,1224,387.5,2023-12-29 17:00:00
282.13,4863.85,4916,1189,100,1,3727,1189,388.64,2023-12-29 18:00:00
274.62,4701.46,4745,963,100,1,3782,963,383.8,2023-12-29 19:00:00
263.21,4537.68,4583,920,100,1,3663,920,385.05,2023-12-29 20:00:00
260.88,4466.24,4509,858,100,1,3651,858,381.4,2023-12-29 21:00:00
226.5,3904.79,3948,753,100,1,3195,753,383.37,2023-12-29 22:00:00
211.48,3620.62,3654,616,100,1,3038,616,380.04,2023-12-29 23:00:00
210.5,3628.95,3667,480,100,1,3187,480,381.35,2023-12-30 00:00:00
202.37,3464.65,3495,324,100,1,3171,324,377.87,2023-12-30 01:00:00
208.14,3588.32,3625,309,100,1,3316,309,380.47,2023-12-30 02:00:00
211.55,3621.81,3654,445,100,1,3209,445,378.83,2023-12-30 03:00:00
202.33,3488.17,3521,365,100,1,3156,365,382.01,2023-12-30 04:00:00
201.2,3444.53,3472,414,100,1,3058,414,377.75,2023-12-30 05:00:00
197.03,3396.82,3428,537,100,1,2891,537,382.03,2023-12-30 06:00:00
202.6,3468.47,3496,461,100,1,3035,461,378.47,2023-12-30 07:00:00
177.31,3056.9,3085,368,100,1,2717,368,383.78,2023-12-30 08:00:00
192.83,3301.33,3330,386,100,1,2944,386,379.82,2023-12-30 09:00:00
186.18,3209.75,3240,477,100,1,2763,477,383.04,2023-12-30 10:00:00
211.21,3615.9,3649,493,100,1,3156,493,377.31,2023-12-30 11:00:00
228.75,3943.69,3983,722,100,1,3261,722,383.21,2023-12-30 12:00:00
242.16,4145.83,4182,815,100,1,3367,815,378.99,2023-12-30 13:00:00
244.82,4220.62,4265,881,100,1,3384,881,383.6,2023-12-30 14:00:00
241.94,4142.08,4183,763,100,1,3420,763,378.89,2023-12-30 15:00:00
246.02,4241.37,4285,756,100,1,3529,756,382.95,2023-12-30 16:00:00
275.64,4718.91,4763,982,100,1,3781,982,378.39,2023-12-30 17:00:00
276.55,4767.68,4818,1010,93,1,3808,1010,382.15,2023-12-30 18:00:00
279.59,4786.65,4833,870,100,1,3963,870,377.3,2023-12-30 19:00:00
267.67,4614.56,4663,872,100,1,3791,872,380.8,2023-12-30 20:00:00
249.16,4265.68,4306,701,100,1,3605,701,377.75,2023-12-30 21:00:00
245.12,4225.93,4272,750,100,1,3522,750,383.83,2023-12-30 22:00:00
254.84,4362.93,4403,841,100,1,3562,841,380.69,2023-12-30 23:00:00
240.89,4152.97,4195,880,100,1,3315,880,386.43,2023-12-31 00:00:00
218.55,3741.65,3775,558,100,1,3217,558,382.08,2023-12-31 01:00:00
219.34,3781.35,3822,558,100,1,3264,558,384.26,2023-12-31 02:00:00
200.55,3433.39,3463,435,100,1,3028,435,378.57,2023-12-31 03:00:00
200.06,3449.06,3482,463,100,1,3019,463,381.56,2023-12-31 04:00:00
186.69,3196.07,3224,420,100,1,2804,420,376.55,2023-12-31 05:00:00
170.44,2938.41,2966,307,100,1,2659,307,377.64,2023-12-31 06:00:00
178.08,3048.67,3075,263,100,1,2812,263,373.4,2023-12-31 07:00:00
183.63,3165.75,3197,286,100,1,2911,286,376.76,2023-12-31 08:00:00
185.07,3168.32,3195,327,100,1,2868,327,374.07,2023-12-31 09:00:00
184.46,3180.04,3212,351,100,1,2861,351,378.11,2023-12-31 10:00:00
169.23,2897.23,2923,299,100,1,2624,299,377.38,2023-12-31 11:00:00
186.57,3216.46,3249,362,100,1,2887,362,381.84,2023-12-31 12:00:00
223.97,3834.38,3867,487,100,1,3380,487,382.05,2023-12-31 13:00:00
436.14,7519.04,7592,656,100,1,6936,656,383.84,2023-12-31 14:00:00
386.35,6614.25,6670,636,100,1,6034,636,379.36,2023-12-31 15:00:00
229.81,3962.01,4000,462,100,1,3538,462,380.5,2023-12-31 16:00:00
266.07,4555.16,4596,453,100,1,4143,453,375.0,2023-12-31 17:00:00
232.04,4000.38,4040,265,100,1,3775,265,376.52,2023-12-31 18:00:00
285.82,4893.19,4933,339,100,1,4594,339,373.55,2023-12-31 19:00:00
