TCcounts,TCmass,TCconc,AE33_BC6,AE33_ValidData,AE33_b,OC,EC,CO2,EndTimeUTC
351.67,6020.62,6075,2329,100,1,3746,2329,366.54,2023-08-31 20:00:00
310.04,5345.01,5397,1758,93,1,3639,1758,370.89,2023-08-31 21:00:00
308.83,5287.19,5334,1822,100,1,3512,1822,370.58,2023-08-31 22:00:00
341.95,5895.24,5948,2291,100,1,3657,2291,376.63,2023-08-31 23:00:00
309.96,5306.59,5354,2054,100,1,3300,2054,378.87,2023-09-01 00:00:00
330.78,5702.59,5753,2132,100,1,3621,2132,388.45,2023-09-01 01:00:00
318.2,5447.57,5497,2291,100,1,3206,2291,389.83,2023-09-01 02:00:00
331.97,5723.19,5778,2427,100,1,3351,2427,397.65,2023-09-01 03:00:00
347.49,5949.06,6000,2659,100,1,3341,2659,391.17,2023-09-01 04:00:00
819.8,14133.31,14280,4560,93,1,9720,4560,394.28,2023-09-01 05:00:00
511.1,8750.01,8834,3744,100,1,5090,3744,389.33,2023-09-01 06:00:00
668.84,11530.84,11644,3435,100,1,8209,3435,386.41,2023-09-01 07:00:00
370.66,6345.64,6399,2260,100,1,4139,2260,378.76,2023-09-01 08:00:00
302.85,5221.14,5274,1437,100,1,3837,1437,368.6,2023-09-01 09:00:00
269.09,4606.76,4652,1085,100,1,3567,1085,363.44,2023-09-01 10:00:00
255.4,4403.18,4447,898,100,1,3549,898,359.95,2023-09-01 11:00:00
244.65,4188.43,4225,834,100,1,3391,834,357.35,2023-09-01 12:00:00
247.6,4268.65,4314,773,100,1,3541,773,358.03,2023-09-01 13:00:00
247.6,4268.65,4314,773,100,1,3541,773,358.03,2023-09-01 13:00:00
247.6,4268.65,4314,773,100,1,3541,773,358.03,2023-09-01 13:00:00
284.17,4899.01,4957,1220,100,1,3737,1220,365.3,2023-09-01 16:00:00
283.74,4857.67,4903,1766,100,1,3137,1766,374.94,2023-09-01 17:00:00
348.08,6000.84,6058,2645,100,1,3413,2645,380.85,2023-09-01 18:00:00
367.03,6283.55,6338,2664,100,1,3674,2664,382.06,2023-09-01 19:00:00
378.86,6531.58,6600,2658,100,1,3942,2658,386.71,2023-09-01 20:00:00
349.2,5978.37,6032,2237,100,1,3795,2237,387.15,2023-09-01 21:00:00
368.64,6355.28,6419,2269,100,1,4150,2269,392.39,2023-09-01 22:00:00
357.19,6115.1,6171,2366,93,1,3805,2366,392.84,2023-09-01 23:00:00
365.34,6298.52,6361,2079,100,1,4282,2079,402.84,2023-09-02 00:00:00
384.7,6586.02,6645,2662,100,1,3983,2662,407.16,2023-09-02 01:00:00
419.61,7234.02,7302,3142,100,1,4160,3142,410.53,2023-09-02 02:00:00
422.92,7240.32,7305,3096,100,1,4209,3096,409.48,2023-09-02 03:00:00
404.23,6968.88,7039,2953,100,1,4086,2953,404.83,2023-09-02 04:00:00
359.35,6152.08,6206,2542,100,1,3664,2542,395.95,2023-09-02 05:00:00
390.37,6729.98,6799,2720,93,1,4079,2720,392.32,2023-09-02 06:00:00
429.73,7356.9,7427,3608,100,1,3819,3608,389.62,2023-09-02 07:00:00
489.28,8435.11,8521,4609,100,1,3912,4609,394.11,2023-09-02 08:00:00
453.76,7768.36,7835,3859,100,1,3976,3859,394.25,2023-09-02 09:00:00
478.56,8250.35,8336,4066,100,1,4270,4066,397.67,2023-09-02 10:00:00
507.39,8686.45,8774,4390,93,1,4384,4390,396.94,2023-09-02 11:00:00
496.53,8560.15,8649,4417,100,1,4232,4417,398.45,2023-09-02 12:00:00
500.11,8561.89,8644,4427,100,1,4217,4427,400.3,2023-09-02 13:00:00
613.16,10570.81,10681,5884,100,1,4797,5884,406.75,2023-09-02 14:00:00
568.73,9736.59,9825,5962,93,1,3863,5962,408.88,2023-09-02 15:00:00
498.83,8599.79,8689,5030,100,1,3659,5030,418.37,2023-09-02 16:00:00
509.55,8723.45,8805,5165,100,1,3640,5165,408.45,2023-09-02 17:00:00
325.92,5618.86,5677,2477,100,1,3200,2477,401.65,2023-09-02 18:00:00
206.65,3537.85,3569,1217,100,1,2352,1217,389.79,2023-09-02 19:00:00
206.21,3555.14,3583,1328,100,1,2255,1328,388.01,2023-09-02 20:00:00
205.04,3510.25,3547,1274,100,1,2273,1274,380.48,2023-09-02 21:00:00
198.55,3423.08,3457,914,100,1,2543,914,378.38,2023-09-02 22:00:00
208.25,3565.32,3592,1078,93,1,2514,1078,380.45,2023-09-02 23:00:00
212.15,3657.46,3695,1049,100,1,2646,1049,383.85,2023-09-03 00:00:00
210.49,3603.64,3636,1161,100,1,2475,1161,384.78,2023-09-03 01:00:00
227.3,3918.71,3957,1444,100,1,2513,1444,389.15,2023-09-03 02:00:00
202.98,3475.07,3504,1206,100,1,2298,1206,392.59,2023-09-03 03:00:00
198.46,3421.52,3458,1097,100,1,2361,1097,390.12,2023-09-03 04:00:00
195.96,3354.8,3387,1297,100,1,2090,1297,385.91,2023-09-03 05:00:00
224.35,3867.81,3905,1731,100,1,2174,1731,379.92,2023-09-03 06:00:00
202.04,3458.86,3487,1270,100,1,2217,1270,374.26,2023-09-03 07:00:00
193.48,3335.61,3371,973,100,1,2398,973,368.75,2023-09-03 08:00:00
178.98,3064.2,3096,689,100,1,2407,689,359.2,2023-09-03 09:00:00
176.35,3040.25,3071,664,100,1,2407,664,359.91,2023-09-03 10:00:00
172.2,2948.04,2977,684,100,1,2293,684,355.22,2023-09-03 11:00:00
215.72,3718.93,3762,818,100,1,2944,818,357.65,2023-09-03 12:00:00
201.95,3457.3,3493,848,100,1,2645,848,351.79,2023-09-03 13:00:00
207.29,3573.71,3610,801,100,1,2809,801,355.54,2023-09-03 14:00:00
186.66,3195.7,3229,885,100,1,2344,885,353.58,2023-09-03 15:00:00
235.18,4054.49,4098,1095,100,1,3003,1095,364.45,2023-09-03 16:00:00
224.66,3846.1,3884,1324,93,1,2560,1324,368.84,2023-09-03 17:00:00
262.2,4520.29,4562,1788,100,1,2774,1788,377.43,2023-09-03 18:00:00
270.7,4634.44,4673,1836,100,1,2837,1836,375.75,2023-09-03 19:00:00
323.71,5580.73,5629,2685,100,1,2944,2685,387.14,2023-09-03 20:00:00
367.82,6297.01,6356,3396,100,1,2960,3396,396.68,2023-09-03 21:00:00
522.33,9005.05,9092,5515,100,1,3577,5515,412.46,2023-09-03 22:00:00
523.31,8959.03,9037,5491,93,1,3546,5491,409.31,2023-09-03 23:00:00
483.61,8337.35,8419,4589,100,1,3830,4589,416.11,2023-09-04 00:00:00
447.18,7655.69,7728,3995,100,1,3733,3995,410.59,2023-09-04 01:00:00
436.48,7524.87,7597,3596,100,1,4001,3596,415.52,2023-09-04 02:00:00
473.08,8099.05,8167,4582,100,1,3585,4582,415.76,2023-09-04 03:00:00
482.71,8321.85,8407,5081,93,1,3326,5081,415.1,2023-09-04 04:00:00
336.96,5768.82,5821,2625,100,1,3196,2625,405.78,2023-09-04 05:00:00
294.69,5080.38,5136,2032,100,1,3104,2032,403.73,2023-09-04 06:00:00
331.39,5673.45,5731,2229,100,1,3502,2229,391.1,2023-09-04 07:00:00
303.19,5227.01,5272,2176,100,1,3096,2176,385.99,2023-09-04 08:00:00
248.3,4250.87,4287,1432,100,1,2855,1432,373.37,2023-09-04 09:00:00
207.65,3579.91,3613,879,100,1,2734,879,366.51,2023-09-04 10:00:00
191.53,3279.05,3309,793,100,1,2516,793,360.06,2023-09-04 11:00:00
213.15,3674.77,3715,716,100,1,2999,716,358.45,2023-09-04 12:00:00
205.54,3518.9,3550,689,100,1,2861,689,356.14,2023-09-04 13:00:00
218.66,3769.7,3808,769,100,1,3039,769,357.85,2023-09-04 14:00:00
203.11,3477.27,3508,764,93,1,2744,764,358.44,2023-09-04 15:00:00
217.4,3748.04,3783,1065,100,1,2718,1065,364.11,2023-09-04 16:00:00
247.71,4240.81,4276,1834,100,1,2442,1834,369.11,2023-09-04 17:00:00
256.5,4422.09,4466,1973,100,1,2493,1973,377.7,2023-09-04 18:00:00
274.96,4707.37,4749,2406,100,1,2343,2406,381.56,2023-09-04 19:00:00
297.37,5126.62,5177,2437,100,1,2740,2437,392.36,2023-09-04 20:00:00
292.31,5004.38,5050,2499,100,1,2551,2499,391.99,2023-09-04 21:00:00
321.51,5542.8,5599,2768,100,1,2831,2768,393.49,2023-09-04 22:00:00
330.8,5663.27,5712,2736,100,1,2976,2736,396.24,2023-09-04 23:00:00
324.04,5586.53,5642,2594,93,1,3048,2594,402.81,2023-09-05 00:00:00
310.15,5309.75,5354,2511,100,1,2843,2511,405.79,2023-09-05 01:00:00
318.15,5484.94,5542,2617,100,1,2925,2617,405.85,2023-09-05 02:00:00
346.1,5925.31,5977,3232,100,1,2745,3232,407.36,2023-09-05 03:00:00
308.63,5320.8,5372,2536,100,1,2836,2536,405.7,2023-09-05 04:00:00
284.11,4863.89,4906,2247,100,1,2659,2247,400.86,2023-09-05 05:00:00
294.4,5075.43,5118,2336,100,1,2782,2336,395.0,2023-09-05 06:00:00
249.43,4270.21,4302,2008,100,1,2294,2008,386.54,2023-09-05 07:00:00
222.71,3839.57,3876,1324,100,1,2552,1324,379.23,2023-09-05 08:00:00
193.83,3318.43,3349,954,93,1,2395,954,372.11,2023-09-05 09:00:00
224.08,3863.11,3901,905,100,1,2996,905,366.6,2023-09-05 10:00:00
189.74,3248.36,3278,639,100,1,2639,639,361.41,2023-09-05 11:00:00
228.71,3942.93,3988,638,100,1,3350,638,361.85,2023-09-05 12:00:00
222.47,3808.76,3847,672,100,1,3175,672,357.51,2023-09-05 13:00:00
225.44,3886.62,3927,791,100,1,3136,791,357.65,2023-09-05 14:00:00
205.74,3522.26,3556,766,100,1,2790,766,356.16,2023-09-05 15:00:00
248.38,4282.0,4324,1407,100,1,2917,1407,366.61,2023-09-05 16:00:00
281.05,4811.65,4855,2065,100,1,2790,2065,372.21,2023-09-05 17:00:00
323.54,5577.86,5635,2229,100,1,3406,2229,372.87,2023-09-05 18:00:00
321.14,5497.86,5553,1997,100,1,3556,1997,371.49,2023-09-05 19:00:00
297.56,5129.97,5183,1773,100,1,3410,1773,371.97,2023-09-05 20:00:00
261.27,4472.95,4514,1353,100,1,3161,1353,369.8,2023-09-05 21:00:00
257.44,4438.22,4481,1141,100,1,3340,1141,371.28,2023-09-05 22:00:00
253.65,4342.54,4382,1164,100,1,3218,1164,370.33,2023-09-05 23:00:00
261.89,4515.03,4561,1249,93,1,3312,1249,374.79,2023-09-06 00:00:00
260.3,4456.29,4500,1328,100,1,3172,1328,376.12,2023-09-06 01:00:00
260.0,4482.39,4528,1173,100,1,3355,1173,379.39,2023-09-06 02:00:00
231.2,3958.1,3995,867,100,1,3128,867,377.86,2023-09-06 03:00:00
230.64,3976.31,4018,884,100,1,3134,884,379.28,2023-09-06 04:00:00
224.99,3851.77,3889,1042,100,1,2847,1042,381.33,2023-09-06 05:00:00
235.09,4053.0,4094,1188,100,1,2906,1188,379.11,2023-09-06 06:00:00
244.83,4191.51,4228,1324,100,1,2904,1324,378.57,2023-09-06 07:00:00
245.4,4230.73,4270,1290,100,1,2980,1290,376.13,2023-09-06 08:00:00
218.19,3735.4,3771,832,100,1,2939,832,370.69,2023-09-06 09:00:00
209.33,3608.81,3648,738,100,1,2910,738,367.69,2023-09-06 10:00:00
191.67,3281.35,3312,741,100,1,2571,741,364.46,2023-09-06 11:00:00
194.9,3360.12,3396,721,100,1,2675,721,364.83,2023-09-06 12:00:00
190.99,3269.8,3301,795,100,1,2506,795,362.79,2023-09-06 13:00:00
189.72,3270.71,3303,641,100,1,2662,641,363.4,2023-09-06 14:00:00
196.5,3364.08,3392,525,100,1,2867,525,359.8,2023-09-06 15:00:00
241.35,4160.96,4196,453,100,1,3743,453,360.31,2023-09-06 16:00:00
180.8,3095.37,3123,537,100,1,2586,537,358.27,2023-09-06 17:00:00
165.28,2849.4,2879,513,100,1,2366,513,359.65,2023-09-06 18:00:00
183.81,3146.86,3174,736,100,1,2438,736,358.2,2023-09-06 19:00:00
181.99,3137.47,3170,651,100,1,2519,651,360.34,2023-09-06 20:00:00
155.71,2665.69,2690,649,100,1,2041,649,360.26,2023-09-06 21:00:00
182.8,3151.54,3183,764,100,1,2419,764,363.38,2023-09-06 22:00:00
172.49,2952.95,2980,611,100,1,2369,611,361.84,2023-09-06 23:00:00
137.98,2378.7,2401,443,93,1,1958,443,363.66,2023-09-07 00:00:00
130.52,2234.58,2254,372,100,1,1882,372,363.13,2023-09-07 01:00:00
145.74,2512.53,2536,324,100,1,2212,324,365.57,2023-09-07 02:00:00
125.77,2153.22,2172,340,100,1,1832,340,364.67,2023-09-07 03:00:00
130.98,2258.02,2279,369,100,1,1910,369,365.72,2023-09-07 04:00:00
137.32,2350.96,2370,476,100,1,1894,476,364.92,2023-09-07 05:00:00
153.07,2639.0,2666,612,100,1,2054,612,362.95,2023-09-07 06:00:00
164.75,2820.44,2843,662,100,1,2181,662,363.49,2023-09-07 07:00:00
178.19,3071.92,3104,672,100,1,2432,672,365.94,2023-09-07 08:00:00
178.19,3071.92,3104,672,100,1,2432,672,365.94,2023-09-07 08:00:00
178.19,3071.92,3104,672,100,1,2432,672,365.94,2023-09-07 08:00:00
178.19,3071.92,3104,672,100,1,2432,672,365.94,2023-09-07 08:00:00
215.32,3712.16,3757,431,100,1,3326,431,359.69,2023-09-07 14:00:00
215.32,3712.16,3757,431,100,1,3326,431,359.69,2023-09-07 14:00:00
159.25,2726.39,2753,476,100,1,2277,476,351.92,2023-09-07 15:00:00
159.25,2726.39,2753,476,100,1,2277,476,351.92,2023-09-07 15:00:00
192.87,3325.0,3355,684,100,1,2671,684,355.47,2023-09-07 16:00:00
192.87,3325.0,3355,684,100,1,2671,684,355.47,2023-09-07 16:00:00
174.03,2979.36,3004,847,100,1,2157,847,355.97,2023-09-07 17:00:00
174.03,2979.36,3004,847,100,1,2157,847,355.97,2023-09-07 17:00:00
248.07,4276.71,4319,1204,100,1,3115,1204,362.51,2023-09-07 18:00:00
248.07,4276.71,4319,1204,100,1,3115,1204,362.51,2023-09-07 18:00:00
226.05,3870.05,3910,1041,100,1,2869,1041,359.54,2023-09-07 19:00:00
226.05,3870.05,3910,1041,100,1,2869,1041,359.54,2023-09-07 19:00:00
253.13,4364.04,4410,1113,100,1,3297,1113,364.12,2023-09-07 20:00:00
253.13,4364.04,4410,1113,100,1,3297,1113,364.12,2023-09-07 20:00:00
222.45,3808.38,3845,1001,100,1,2844,1001,361.73,2023-09-07 21:00:00
222.45,3808.38,3845,1001,100,1,2844,1001,361.73,2023-09-07 21:00:00
218.23,3762.29,3798,834,100,1,2964,834,366.96,2023-09-07 22:00:00
218.23,3762.29,3798,834,100,1,2964,834,366.96,2023-09-07 22:00:00
181.9,3114.1,3143,665,100,1,2478,665,363.46,2023-09-07 23:00:00
181.9,3114.1,3143,665,100,1,2478,665,363.46,2023-09-07 23:00:00
181.38,3126.96,3158,520,100,1,2638,520,367.81,2023-09-08 00:00:00
181.38,3126.96,3158,520,100,1,2638,520,367.81,2023-09-08 00:00:00
163.61,2800.96,2827,492,100,1,2335,492,363.92,2023-09-08 01:00:00
163.61,2800.96,2827,492,100,1,2335,492,363.92,2023-09-08 01:00:00
170.65,2941.94,2972,415,100,1,2557,415,367.59,2023-09-08 02:00:00
170.65,2941.94,2972,415,100,1,2557,415,367.59,2023-09-08 02:00:00
148.5,2542.28,2566,362,100,1,2204,362,364.71,2023-09-08 03:00:00
148.5,2542.28,2566,362,100,1,2204,362,364.71,2023-09-08 03:00:00
160.08,2759.8,2787,478,100,1,2309,478,370.16,2023-09-08 04:00:00
160.08,2759.8,2787,478,100,1,2309,478,370.16,2023-09-08 04:00:00
149.29,2555.82,2581,581,100,1,2000,581,366.69,2023-09-08 05:00:00
149.29,2555.82,2581,581,100,1,2000,581,366.69,2023-09-08 05:00:00
158.7,2736.01,2763,519,100,1,2244,519,368.26,2023-09-08 06:00:00
158.7,2736.01,2763,519,100,1,2244,519,368.26,2023-09-08 06:00:00
178.09,3048.93,3077,464,100,1,2613,464,360.52,2023-09-08 07:00:00
178.09,3048.93,3077,464,100,1,2613,464,360.52,2023-09-08 07:00:00
258.2,4451.3,4495,474,100,1,4021,474,358.81,2023-09-08 08:00:00
258.2,4451.3,4495,474,100,1,4021,474,358.81,2023-09-08 08:00:00
494.0,8457.29,8530,510,100,1,8020,510,357.42,2023-09-08 09:00:00
494.0,8457.29,8530,510,100,1,8020,510,357.42,2023-09-08 09:00:00
450.35,7764.11,7841,502,100,1,7339,502,358.02,2023-09-08 10:00:00
450.35,7764.11,7841,502,100,1,7339,502,358.02,2023-09-08 10:00:00
210.85,3609.7,3641,578,100,1,3063,578,356.26,2023-09-08 11:00:00
210.85,3609.7,3641,578,100,1,3063,578,356.26,2023-09-08 11:00:00
170.43,2938.3,2966,641,100,1,2325,641,358.49,2023-09-08 12:00:00
166.93,2857.76,2885,665,100,1,2220,665,357.24,2023-09-08 13:00:00
168.79,2909.98,2937,525,100,1,2412,525,360.42,2023-09-08 14:00:00
149.42,2558.15,2582,440,100,1,2142,440,359.32,2023-09-08 15:00:00
146.84,2531.58,2558,530,100,1,2028,530,361.97,2023-09-08 16:00:00
136.75,2341.16,2362,589,100,1,1773,589,361.64,2023-09-08 17:00:00
148.06,2552.58,2580,663,100,1,1917,663,364.75,2023-09-08 18:00:00
155.61,2664.08,2688,597,92,1,2091,597,363.78,2023-09-08 19:00:00
128.8,2220.56,2241,520,100,1,1721,520,366.29,2023-09-08 20:00:00
132.75,2272.62,2294,461,100,1,1833,461,365.33,2023-09-08 21:00:00
135.52,2336.3,2359,421,100,1,1938,421,368.49,2023-09-08 22:00:00
121.67,2082.94,2101,390,100,1,1711,390,368.26,2023-09-08 23:00:00
129.15,2226.53,2248,426,100,1,1822,426,370.06,2023-09-09 00:00:00
129.13,2210.77,2231,455,100,1,1776,455,369.01,2023-09-09 01:00:00
151.02,2603.67,2628,840,100,1,1788,840,370.92,2023-09-09 02:00:00
145.94,2498.44,2520,578,100,1,1942,578,370.53,2023-09-09 03:00:00
129.03,2224.45,2245,484,100,1,1761,484,373.33,2023-09-09 04:00:00
142.47,2439.16,2462,769,100,1,1693,769,373.11,2023-09-09 05:00:00
191.16,3295.51,3326,839,100,1,2487,839,373.96,2023-09-09 06:00:00
195.85,3352.94,3378,921,100,1,2457,921,377.34,2023-09-09 07:00:00
175.25,3021.35,3055,918,100,1,2137,918,375.24,2023-09-09 08:00:00
154.41,2643.51,2668,650,100,1,2018,650,368.52,2023-09-09 09:00:00
163.0,2810.07,2837,764,100,1,2073,764,367.31,2023-09-09 10:00:00
175.47,3004.0,3032,870,100,1,2162,870,364.98,2023-09-09 11:00:00
175.85,3031.65,3062,804,100,1,2258,804,365.44,2023-09-09 12:00:00
182.85,3130.33,3159,812,100,1,2347,812,363.89,2023-09-09 13:00:00
196.23,3383.05,3417,886,100,1,2531,886,366.99,2023-09-09 14:00:00
198.75,3402.61,3433,922,100,1,2511,922,366.51,2023-09-09 15:00:00
196.67,3390.53,3424,798,100,1,2626,798,367.13,2023-09-09 16:00:00
193.31,3309.5,3341,975,100,1,2366,975,365.97,2023-09-09 17:00:00
210.61,3630.94,3668,1020,100,1,2648,1020,370.52,2023-09-09 18:00:00
208.07,3562.24,3592,1110,100,1,2482,1110,368.49,2023-09-09 19:00:00
218.27,3762.96,3803,1119,100,1,2684,1119,372.88,2023-09-09 20:00:00
245.31,4199.67,4234,1206,93,1,3028,1206,379.38,2023-09-09 21:00:00
251.69,4339.19,4383,1391,100,1,2992,1391,387.21,2023-09-09 22:00:00
258.0,4416.9,4455,1546,100,1,2909,1546,389.92,2023-09-09 23:00:00
257.45,4438.39,4480,1551,100,1,2929,1551,395.56,2023-09-10 00:00:00
270.74,4634.99,4676,1985,100,1,2691,1985,394.18,2023-09-10 01:00:00
281.87,4859.43,4905,2033,100,1,2872,2033,392.8,2023-09-10 02:00:00
240.33,4114.43,4151,1515,100,1,2636,1515,385.56,2023-09-10 03:00:00
195.06,3362.85,3394,844,100,1,2550,844,382.52,2023-09-10 04:00:00
169.74,2906.01,2929,613,100,1,2316,613,375.85,2023-09-10 05:00:00
163.91,2825.82,2855,540,100,1,2315,540,375.27,2023-09-10 06:00:00
155.88,2668.58,2694,582,100,1,2112,582,374.09,2023-09-10 07:00:00
176.22,3038.03,3069,794,100,1,2275,794,375.46,2023-09-10 08:00:00
186.12,3186.37,3217,729,100,1,2488,729,368.58,2023-09-10 09:00:00
244.62,4217.23,4262,880,100,1,3382,880,370.02,2023-09-10 10:00:00
212.91,3645.02,3679,809,100,1,2870,809,364.14,2023-09-10 11:00:00
234.49,4042.66,4083,781,100,1,3302,781,364.75,2023-09-10 12:00:00
209.2,3581.51,3617,681,93,1,2936,681,360.34,2023-09-10 13:00:00
219.61,3786.05,3826,660,100,1,3166,660,362.75,2023-09-10 14:00:00
213.54,3655.84,3690,760,100,1,2930,760,362.77,2023-09-10 15:00:00
320.14,5519.21,5569,1926,100,1,3643,1926,374.83,2023-09-10 16:00:00
354.62,6071.05,6129,2391,100,1,3738,2391,381.29,2023-09-10 17:00:00
406.85,7014.04,7081,2805,100,1,4276,2805,387.82,2023-09-10 18:00:00
394.94,6761.41,6824,2788,100,1,4036,2788,386.28,2023-09-10 19:00:00
415.18,7157.66,7219,2739,100,1,4480,2739,392.06,2023-09-10 20:00:00
357.48,6120.08,6176,2371,100,1,3805,2371,392.03,2023-09-10 21:00:00
366.77,6323.07,6383,2657,93,1,3726,2657,399.9,2023-09-10 22:00:00
354.24,6064.56,6120,2739,100,1,3381,2739,399.75,2023-09-10 23:00:00
336.85,5807.27,5869,2589,100,1,3280,2589,406.24,2023-09-11 00:00:00
300.7,5147.97,5197,2352,100,1,2845,2352,398.66,2023-09-11 01:00:00
282.97,4878.42,4928,1993,100,1,2935,1993,400.19,2023-09-11 02:00:00
290.16,4967.59,5020,2267,100,1,2753,2267,396.77,2023-09-11 03:00:00
336.78,5806.0,5867,2973,100,1,2894,2973,400.25,2023-09-11 04:00:00
363.8,6228.34,6294,3527,93,1,2767,3527,392.38,2023-09-11 05:00:00
455.37,7850.59,7931,4336,100,1,3595,4336,399.53,2023-09-11 06:00:00
544.6,9323.64,9415,5193,100,1,4222,5193,390.51,2023-09-11 07:00:00
544.6,9323.64,9415,5193,100,1,4222,5193,390.51,2023-09-11 07:00:00
991.41,17091.97,17265,4383,100,1,12882,4383,389.43,2023-09-11 09:00:00
411.73,7048.89,7113,2908,100,1,4205,2908,383.19,2023-09-11 10:00:00
408.56,7043.55,7122,2627,100,1,4495,2627,384.69,2023-09-11 11:00:00
431.47,7386.8,7459,3792,100,1,3667,3792,385.54,2023-09-11 12:00:00
424.16,7312.51,7392,3378,100,1,4014,3378,385.73,2023-09-11 13:00:00
407.25,6972.04,7040,3090,95,1,3950,3090,381.22,2023-09-11 14:00:00
363.86,6272.91,6334,2491,100,1,3843,2491,378.39,2023-09-11 15:00:00
340.76,5833.87,5884,2217,100,1,3667,2217,378.88,2023-09-11 16:00:00
354.6,6113.35,6176,2492,100,1,3684,2492,382.43,2023-09-11 17:00:00
376.87,6452.09,6512,2597,100,1,3915,2597,382.14,2023-09-11 18:00:00
377.81,6513.37,6576,2732,100,1,3844,2732,388.58,2023-09-11 19:00:00
381.98,6539.51,6597,2976,100,1,3621,2976,384.87,2023-09-11 20:00:00
476.87,8221.25,8304,3759,95,1,4545,3759,389.31,2023-09-11 21:00:00
477.83,8180.49,8253,4181,100,1,4072,4181,392.84,2023-09-11 22:00:00
450.59,7768.25,7845,3809,100,1,4036,3809,397.5,2023-09-11 23:00:00
341.08,5839.26,5889,2638,100,1,3251,2638,399.43,2023-09-12 00:00:00
308.8,5323.73,5373,2268,100,1,3105,2268,401.45,2023-09-12 01:00:00
321.93,5511.42,5557,2811,100,1,2746,2811,397.73,2023-09-12 02:00:00
344.84,5945.01,6004,2999,95,1,3005,2999,401.92,2023-09-12 03:00:00
333.16,5703.75,5751,3004,100,1,2747,3004,396.49,2023-09-12 04:00:00
341.25,5883.12,5944,2947,100,1,2997,2947,388.97,2023-09-12 05:00:00
301.71,5165.23,5211,2551,100,1,2660,2551,378.76,2023-09-12 06:00:00
320.62,5527.41,5570,2614,100,1,2956,2614,378.63,2023-09-12 07:00:00
279.38,4782.96,4826,1941,100,1,2885,1941,375.35,2023-09-12 08:00:00
284.1,4897.96,4949,1845,100,1,3104,1845,373.93,2023-09-12 09:00:00
271.49,4647.88,4699,1594,100,1,3105,1594,369.04,2023-09-12 10:00:00
281.89,4859.84,4915,1308,100,1,3607,1308,366.27,2023-09-12 11:00:00
263.73,4515.08,4557,1126,95,1,3431,1126,363.89,2023-09-12 12:00:00
409.77,7064.45,7144,1060,100,1,6084,1060,363.37,2023-09-12 13:00:00
307.94,5271.87,5321,1011,100,1,4310,1011,361.35,2023-09-12 14:00:00
319.21,5503.24,5557,1303,100,1,4254,1303,365.06,2023-09-12 15:00:00
372.44,6376.26,6427,1572,100,1,4855,1572,374.73,2023-09-12 16:00:00
349.74,6029.57,6090,2932,100,1,3158,2932,391.05,2023-09-12 17:00:00
345.63,5917.21,5974,3154,100,1,2820,3154,396.83,2023-09-12 18:00:00
351.0,6051.16,6114,2805,100,1,3309,2805,401.74,2023-09-12 19:00:00
373.19,6388.99,6446,3067,100,1,3379,3067,398.32,2023-09-12 20:00:00
370.12,6380.86,6442,2622,95,1,3820,2622,391.6,2023-09-12 21:00:00
363.21,6218.21,6278,2591,100,1,3687,2591,389.99,2023-09-12 22:00:00
385.98,6654.32,6712,3035,100,1,3677,3035,397.02,2023-09-12 23:00:00
378.75,6484.26,6539,3190,100,1,3349,3190,398.89,2023-09-13 00:00:00
400.99,6913.13,6986,3137,100,1,3849,3137,402.92,2023-09-13 01:00:00
381.31,6528.03,6582,3235,100,1,3347,3235,405.02,2023-09-13 02:00:00
454.28,7831.77,7912,4079,100,1,3833,4079,414.55,2023-09-13 03:00:00
471.59,8073.54,8146,4661,95,1,3485,4661,412.01,2023-09-13 04:00:00
500.65,8631.24,8715,4522,100,1,4193,4522,403.16,2023-09-13 05:00:00
490.11,8390.65,8457,4491,100,1,3966,4491,389.05,2023-09-13 06:00:00
324.98,5602.73,5647,1954,100,1,3693,1954,384.31,2023-09-13 07:00:00
297.77,5097.84,5149,1532,100,1,3617,1532,379.25,2023-09-13 08:00:00
312.78,5392.38,5453,1341,100,1,4112,1341,377.76,2023-09-13 09:00:00
258.66,4428.18,4473,1067,100,1,3406,1067,369.47,2023-09-13 10:00:00
306.44,5283.02,5337,1279,95,1,4058,1279,370.47,2023-09-13 11:00:00
268.3,4593.37,4643,966,100,1,3677,966,362.19,2023-09-13 12:00:00
252.47,4352.55,4393,820,100,1,3573,820,362.84,2023-09-13 13:00:00
262.62,4496.0,4535,831,100,1,3704,831,358.68,2023-09-13 14:00:00
298.77,5150.79,5204,1041,100,1,4163,1041,367.68,2023-09-13 15:00:00
289.5,4956.27,4999,1829,100,1,3170,1829,381.97,2023-09-13 16:00:00
345.31,5953.19,6012,3030,100,1,2982,3030,401.44,2023-09-13 17:00:00
332.74,5696.58,5747,3327,100,1,2420,3327,400.03,2023-09-13 18:00:00
366.03,6310.4,6370,3570,100,1,2800,3570,409.08,2023-09-13 19:00:00
379.45,6496.25,6552,4036,100,1,2516,4036,408.09,2023-09-13 20:00:00
407.42,7023.98,7094,3953,95,1,3141,3953,410.25,2023-09-13 21:00:00
387.37,6631.72,6691,3805,100,1,2886,3805,399.3,2023-09-13 22:00:00
326.85,5634.82,5690,2578,100,1,3112,2578,399.85,2023-09-13 23:00:00
294.67,5044.76,5091,2367,100,1,2724,2367,392.28,2023-09-14 00:00:00
291.11,5018.76,5063,2121,100,1,2942,2121,402.47,2023-09-14 01:00:00
288.59,4940.63,4985,2516,100,1,2469,2516,402.2,2023-09-14 02:00:00
409.28,7056.0,7121,4356,95,1,2765,4356,414.0,2023-09-14 03:00:00
457.22,7827.59,7896,5144,100,1,2752,5144,407.56,2023-09-14 04:00:00
444.42,7661.82,7738,4204,100,1,3534,4204,404.88,2023-09-14 05:00:00
391.69,6705.76,6774,3173,100,1,3601,3173,388.87,2023-09-14 06:00:00
290.65,5010.73,5060,1810,100,1,3250,1810,377.76,2023-09-14 07:00:00
282.54,4837.1,4879,1826,100,1,3053,1826,376.26,2023-09-14 08:00:00
290.43,5007.01,5055,1256,100,1,3799,1256,374.7,2023-09-14 09:00:00
248.3,4250.85,4287,1117,100,1,3170,1117,370.68,2023-09-14 10:00:00
275.1,4742.73,4796,996,100,1,3800,996,369.73,2023-09-14 11:00:00
239.29,4096.68,4135,960,95,1,3175,960,365.43,2023-09-14 12:00:00
228.63,3941.52,3982,803,100,1,3179,803,363.65,2023-09-14 13:00:00
221.13,3785.8,3820,810,100,1,3010,810,361.59,2023-09-14 14:00:00
222.39,3833.95,3876,945,100,1,2931,945,362.99,2023-09-14 15:00:00
207.76,3556.9,3589,1011,100,1,2578,1011,366.39,2023-09-14 16:00:00
253.01,4361.98,4405,1487,100,1,2918,1487,376.31,2023-09-14 17:00:00
260.84,4465.62,4507,2048,100,1,2459,2048,383.33,2023-09-14 18:00:00
305.43,5265.61,5317,2339,100,1,2978,2339,385.63,2023-09-14 19:00:00
312.72,5353.71,5399,2219,100,1,3180,2219,383.09,2023-09-14 20:00:00
347.44,5989.8,6046,2362,100,1,3684,2362,385.2,2023-09-14 21:00:00
296.72,5079.82,5125,2055,100,1,3070,2055,383.84,2023-09-14 22:00:00
263.74,4546.92,4595,1586,100,1,3009,1586,382.6,2023-09-14 23:00:00
230.65,3948.74,3984,1287,95,1,2697,1287,379.89,2023-09-15 00:00:00
236.28,4073.51,4112,1193,100,1,2919,1193,383.47,2023-09-15 01:00:00
235.08,4024.51,4060,1443,100,1,2617,1443,390.95,2023-09-15 02:00:00
268.03,4620.87,4664,1986,100,1,2678,1986,398.8,2023-09-15 03:00:00
267.94,4587.1,4623,2012,100,1,2611,2012,400.66,2023-09-15 04:00:00
280.55,4836.75,4888,2234,100,1,2654,2234,396.62,2023-09-15 05:00:00
373.93,6401.66,6459,3574,100,1,2885,3574,386.73,2023-09-15 06:00:00
298.04,5138.21,5183,1853,100,1,3330,1853,378.76,2023-09-15 07:00:00
298.04,5138.21,5183,1853,100,1,3330,1853,378.76,2023-09-15 07:00:00
298.04,5138.21,5183,1853,100,1,3330,1853,378.76,2023-09-15 07:00:00
1199.8,20684.57,20920,1089,100,1,19831,1089,368.2,2023-09-15 10:00:00
188.18,3221.71,3256,1036,100,1,2220,1036,363.31,2023-09-15 11:00:00
188.64,3252.1,3286,966,93,1,2320,966,362.86,2023-09-15 12:00:00
208.07,3562.21,3591,1011,100,1,2580,1011,362.1,2023-09-15 13:00:00
221.34,3815.92,3853,960,100,1,2893,960,364.73,2023-09-15 14:00:00
237.67,4068.85,4107,1476,100,1,2631,1476,366.41,2023-09-15 15:00:00
245.63,4234.59,4275,1714,100,1,2561,1714,370.56,2023-09-15 16:00:00
278.83,4773.62,4821,2082,100,1,2739,2082,372.26,2023-09-15 17:00:00
293.91,5067.08,5113,2308,100,1,2805,2308,375.58,2023-09-15 18:00:00
290.04,4965.47,5007,2048,100,1,2959,2048,377.18,2023-09-15 19:00:00
369.44,6369.23,6429,3236,100,1,3193,3236,383.26,2023-09-15 20:00:00
443.34,7589.94,7660,4125,98,1,3535,4125,385.0,2023-09-15 21:00:00
324.61,5596.27,5654,2422,97,1,3232,2422,386.4,2023-09-15 22:00:00
292.31,5004.4,5048,2044,100,1,3004,2044,383.98,2023-09-15 23:00:00
282.69,4873.52,4920,1958,100,1,2962,1958,384.03,2023-09-16 00:00:00
243.82,4174.25,4211,1526,100,1,2685,1526,380.63,2023-09-16 01:00:00
231.2,3985.96,4023,1388,100,1,2635,1388,382.31,2023-09-16 02:00:00
174.55,2988.35,3014,876,100,1,2138,876,382.69,2023-09-16 03:00:00
120.2,2072.22,2092,376,100,1,1716,376,383.44,2023-09-16 04:00:00
96.21,1647.08,1661,292,100,1,1369,292,379.81,2023-09-16 05:00:00
112.12,1932.92,1950,462,100,1,1488,462,378.88,2023-09-16 06:00:00
117.67,2014.48,2030,481,100,1,1549,481,376.27,2023-09-16 07:00:00
131.0,2258.37,2282,557,100,1,1725,557,377.72,2023-09-16 08:00:00
140.04,2397.54,2421,561,100,1,1860,561,370.74,2023-09-16 09:00:00
138.37,2385.52,2409,572,100,1,1837,572,369.89,2023-09-16 10:00:00
143.82,2462.2,2485,615,100,1,1870,615,363.36,2023-09-16 11:00:00
162.6,2803.17,2829,718,100,1,2111,718,364.15,2023-09-16 12:00:00
161.22,2760.09,2787,623,100,1,2164,623,360.22,2023-09-16 13:00:00
177.58,3061.53,3092,649,100,1,2443,649,363.53,2023-09-16 14:00:00
194.14,3323.61,3358,784,100,1,2574,784,361.39,2023-09-16 15:00:00
205.2,3537.59,3571,940,100,1,2631,940,368.68,2023-09-16 16:00:00
180.54,3090.84,3118,955,100,1,2163,955,370.1,2023-09-16 17:00:00
193.13,3329.6,3363,992,93,1,2371,992,376.35,2023-09-16 18:00:00
213.24,3650.75,3683,1183,100,1,2500,1183,376.6,2023-09-16 19:00:00
236.86,4083.46,4122,1638,100,1,2484,1638,385.18,2023-09-16 20:00:00
269.79,4618.76,4658,1990,100,1,2668,1990,384.71,2023-09-16 21:00:00
298.31,5142.82,5192,2341,100,1,2851,2341,395.14,2023-09-16 22:00:00
324.06,5547.95,5604,2813,100,1,2791,2813,397.86,2023-09-16 23:00:00
341.35,5884.8,5941,2895,100,1,3046,2895,405.82,2023-09-17 00:00:00
305.31,5226.99,5273,2916,100,1,2357,2916,400.17,2023-09-17 01:00:00
361.44,6231.19,6293,4458,93,1,1835,4458,402.51,2023-09-17 02:00:00
346.26,5927.99,5982,4189,100,1,1793,4189,402.77,2023-09-17 03:00:00
563.3,9711.29,9807,7263,100,1,2544,7263,414.29,2023-09-17 04:00:00
598.04,10238.48,10340,7392,100,1,2948,7392,413.72,2023-09-17 05:00:00
454.99,7843.97,7927,4755,93,1,3172,4755,407.49,2023-09-17 06:00:00
338.74,5799.21,5852,3214,100,1,2638,3214,381.45,2023-09-17 07:00:00
230.07,3966.36,3999,1462,100,1,2537,1462,374.94,2023-09-17 08:00:00
233.95,4005.24,4040,1394,100,1,2646,1394,370.06,2023-09-17 09:00:00
247.66,4269.69,4312,1367,100,1,2945,1367,369.22,2023-09-17 10:00:00
208.78,3574.31,3609,1002,100,1,2607,1002,368.47,2023-09-17 11:00:00
208.13,3588.08,3629,912,100,1,2717,912,367.01,2023-09-17 12:00:00
205.64,3520.58,3559,786,100,1,2773,786,362.34,2023-09-17 13:00:00
184.25,3176.39,3211,663,100,1,2548,663,363.28,2023-09-17 14:00:00
184.26,3154.59,3186,662,100,1,2524,662,363.23,2023-09-17 15:00:00
213.4,3679.05,3718,850,100,1,2868,850,368.81,2023-09-17 16:00:00
236.05,4041.11,4078,1411,100,1,2667,1411,372.03,2023-09-17 17:00:00
258.05,4448.86,4491,1755,98,1,2736,1755,377.2,2023-09-17 18:00:00
253.76,4344.34,4388,1585,97,1,2803,1585,374.94,2023-09-17 19:00:00
229.72,3960.41,3998,1238,100,1,2760,1238,374.9,2023-09-17 20:00:00
227.1,3888.02,3922,1335,100,1,2587,1335,373.23,2023-09-17 21:00:00
231.14,3984.88,4021,1201,100,1,2820,1201,375.56,2023-09-17 22:00:00
228.99,3920.22,3951,1178,100,1,2773,1178,375.93,2023-09-17 23:00:00
234.84,4048.7,4086,1152,100,1,2934,1152,379.22,2023-09-18 00:00:00
218.53,3741.31,3775,1112,100,1,2663,1112,377.96,2023-09-18 01:00:00
210.27,3625.02,3659,916,100,1,2743,916,380.58,2023-09-18 02:00:00
206.18,3529.85,3561,1012,100,1,2549,1012,380.76,2023-09-18 03:00:00
204.23,3520.95,3557,990,100,1,2567,990,385.38,2023-09-18 04:00:00
216.44,3705.42,3739,1101,100,1,2638,1101,386.69,2023-09-18 05:00:00
237.26,4090.43,4130,1503,100,1,2627,1503,386.14,2023-09-18 06:00:00
212.21,3632.99,3663,1137,100,1,2526,1137,383.13,2023-09-18 07:00:00
219.45,3783.35,3822,1174,100,1,2648,1174,382.9,2023-09-18 08:00:00
223.92,3833.49,3864,1285,93,1,2579,1285,379.94,2023-09-18 09:00:00
238.22,4106.97,4145,1552,100,1,2593,1552,379.78,2023-09-18 10:00:00
234.77,4019.32,4053,1508,100,1,2545,1508,377.84,2023-09-18 11:00:00
257.33,4436.34,4482,1667,100,1,2815,1667,377.98,2023-09-18 12:00:00
224.94,3850.91,3885,1514,100,1,2371,1514,375.78,2023-09-18 13:00:00
217.64,3752.09,3787,1301,100,1,2486,1301,377.01,2023-09-18 14:00:00
224.55,3844.22,3879,1436,100,1,2443,1436,378.21,2023-09-18 15:00:00
235.1,4053.1,4096,1729,100,1,2367,1729,385.7,2023-09-18 16:00:00
276.21,4728.78,4768,2400,100,1,2368,2400,394.27,2023-09-18 17:00:00
313.74,5408.91,5464,3070,100,1,2394,3070,402.6,2023-09-18 18:00:00
287.46,4921.38,4965,2707,100,1,2258,2707,401.74,2023-09-18 19:00:00
288.92,4980.91,5030,2364,93,1,2666,2364,405.67,2023-09-18 20:00:00
320.75,5491.23,5537,3117,100,1,2420,3117,408.5,2023-09-18 21:00:00
325.03,5603.52,5656,3074,100,1,2582,3074,417.23,2023-09-18 22:00:00
345.37,5912.77,5961,3286,100,1,2675,3286,424.0,2023-09-18 23:00:00
411.77,7098.86,7165,4289,100,1,2876,4289,432.3,2023-09-19 00:00:00
507.11,8681.66,8761,5718,93,1,3043,5718,430.95,2023-09-19 01:00:00
629.4,10850.85,10954,7762,100,1,3192,7762,430.81,2023-09-19 02:00:00
628.17,10754.25,10847,7460,100,1,3387,7460,421.21,2023-09-19 03:00:00
494.87,8531.51,8615,5406,100,1,3209,5406,415.07,2023-09-19 04:00:00
441.96,7566.35,7641,4151,93,1,3490,4151,403.62,2023-09-19 05:00:00
385.64,6648.48,6719,2925,100,1,3794,2925,399.37,2023-09-19 06:00:00
375.23,6423.85,6474,2899,100,1,3575,2899,399.51,2023-09-19 07:00:00
380.72,6563.69,6634,2763,100,1,3871,2763,402.25,2023-09-19 08:00:00
512.22,8769.28,8863,2931,100,1,5932,2931,394.18,2023-09-19 09:00:00
430.54,7422.58,7503,2846,100,1,4657,2846,396.18,2023-09-19 10:00:00
419.01,7173.4,7249,2863,93,1,4386,2863,389.2,2023-09-19 11:00:00
437.2,7537.27,7622,2833,100,1,4789,2833,385.24,2023-09-19 12:00:00
417.44,7146.51,7221,2210,100,1,5011,2210,374.77,2023-09-19 13:00:00
374.47,6455.93,6522,1576,100,1,4946,1576,374.14,2023-09-19 14:00:00
370.22,6338.25,6402,2128,100,1,4274,2128,369.34,2023-09-19 15:00:00
399.36,6884.91,6952,2543,100,1,4409,2543,380.48,2023-09-19 16:00:00
376.38,6443.7,6501,2446,100,1,4055,2446,381.29,2023-09-19 17:00:00
397.79,6857.92,6925,2684,100,1,4241,2684,381.63,2023-09-19 18:00:00
367.2,6286.53,6341,2246,93,1,4095,2246,374.42,2023-09-19 19:00:00
355.17,6123.15,6182,1898,100,1,4284,1898,375.6,2023-09-19 20:00:00
304.44,5212.01,5262,1357,100,1,3905,1357,370.27,2023-09-19 21:00:00
281.79,4858.13,4908,1182,100,1,3726,1182,374.5,2023-09-19 22:00:00
261.97,4484.96,4525,997,100,1,3528,997,370.61,2023-09-19 23:00:00
252.58,4354.42,4402,969,100,1,3433,969,373.26,2023-09-20 00:00:00
231.74,3967.39,4000,1025,100,1,2975,1025,372.47,2023-09-20 01:00:00
251.81,4341.19,4388,1052,100,1,3336,1052,375.9,2023-09-20 02:00:00
243.1,4161.85,4202,1022,100,1,3180,1022,375.26,2023-09-20 03:00:00
255.39,4402.84,4450,1028,100,1,3422,1028,377.58,2023-09-20 04:00:00
262.72,4497.82,4541,1191,100,1,3350,1191,376.81,2023-09-20 05:00:00
272.71,4701.51,4746,1410,100,1,3336,1410,378.81,2023-09-20 06:00:00
305.19,5224.86,5270,1719,100,1,3551,1719,374.86,2023-09-20 07:00:00
305.26,5262.73,5316,1719,93,1,3597,1719,372.16,2023-09-20 08:00:00
293.32,5021.71,5067,1608,100,1,3459,1608,372.49,2023-09-20 09:00:00
283.81,4892.87,4942,1314,100,1,3628,1314,370.81,2023-09-20 10:00:00
273.52,4682.74,4725,1115,100,1,3610,1115,368.71,2023-09-20 11:00:00
276.32,4763.74,4814,959,100,1,3855,959,367.72,2023-09-20 12:00:00
266.57,4563.68,4608,947,100,1,3661,947,366.65,2023-09-20 13:00:00
263.11,4536.03,4584,913,100,1,3671,913,366.82,2023-09-20 14:00:00
263.64,4513.55,4553,1189,100,1,3364,1189,368.43,2023-09-20 15:00:00
313.54,5405.44,5462,1716,100,1,3746,1716,371.73,2023-09-20 16:00:00
319.71,5473.48,5524,2168,100,1,3356,2168,370.95,2023-09-20 17:00:00
297.5,5128.85,5183,1576,100,1,3607,1576,371.99,2023-09-20 18:00:00
310.0,5307.17,5355,1653,100,1,3702,1653,371.03,2023-09-20 19:00:00
279.29,4815.02,4863,1374,100,1,3489,1374,371.54,2023-09-20 20:00:00
211.74,3624.91,3658,757,100,1,2901,757,369.21,2023-09-20 21:00:00
184.07,3173.43,3206,600,100,1,2606,600,369.81,2023-09-20 22:00:00
202.45,3465.99,3499,631,93,1,2868,631,368.51,2023-09-20 23:00:00
205.1,3535.93,3571,645,100,1,2926,645,370.45,2023-09-21 00:00:00
215.14,3683.13,3717,811,100,1,2906,811,371.04,2023-09-21 01:00:00
223.96,3861.09,3899,830,100,1,3069,830,373.89,2023-09-21 02:00:00
220.88,3781.54,3814,840,100,1,2974,840,375.07,2023-09-21 03:00:00
236.46,4076.61,4120,912,100,1,3208,912,378.6,2023-09-21 04:00:00
242.73,4155.54,4193,1192,100,1,3001,1192,379.32,2023-09-21 05:00:00
277.55,4784.98,4835,1596,100,1,3239,1596,382.42,2023-09-21 06:00:00
264.32,4525.17,4565,1795,100,1,2770,1795,382.1,2023-09-21 07:00:00
295.9,5101.24,5150,2014,100,1,3136,2014,383.08,2023-09-21 08:00:00
366.89,6281.17,6334,3141,100,1,3193,3141,382.18,2023-09-21 09:00:00
368.74,6357.09,6417,3155,100,1,3262,3155,383.67,2023-09-21 10:00:00
341.0,5837.91,5891,2454,93,1,3437,2454,378.92,2023-09-21 11:00:00
290.15,5002.24,5050,1596,100,1,3454,1596,376.85,2023-09-21 12:00:00
263.06,4503.64,4545,1355,100,1,3190,1355,374.64,2023-09-21 13:00:00
249.1,4294.45,4335,1391,100,1,2944,1391,376.68,2023-09-21 14:00:00
257.77,4412.97,4451,1397,100,1,3054,1397,377.68,2023-09-21 15:00:00
323.2,5572.0,5628,2367,100,1,3261,2367,384.37,2023-09-21 16:00:00
357.62,6122.45,6178,3011,100,1,3167,3011,398.63,2023-09-21 17:00:00
386.21,6658.32,6726,3272,100,1,3454,3272,414.34,2023-09-21 18:00:00
404.74,6929.15,6997,3648,100,1,3349,3648,420.51,2023-09-21 19:00:00
395.48,6818.01,6887,3291,93,1,3596,3291,427.81,2023-09-21 20:00:00
412.36,7059.66,7127,3743,100,1,3384,3743,427.68,2023-09-21 21:00:00
461.61,7958.08,8036,4344,100,1,3692,4344,425.63,2023-09-21 22:00:00
451.97,7737.72,7806,4223,100,1,3583,4223,417.84,2023-09-21 23:00:00
446.73,7701.67,7773,4359,100,1,3414,4359,414.74,2023-09-22 00:00:00
413.44,7078.12,7136,4236,93,1,2900,4236,411.71,2023-09-22 01:00:00
409.61,7061.74,7133,4701,100,1,2432,4701,424.28,2023-09-22 02:00:00
344.63,5900.1,5949,2912,100,1,3037,2912,421.73,2023-09-22 03:00:00
331.12,5708.59,5761,2873,100,1,2888,2873,423.95,2023-09-22 04:00:00
377.35,6460.22,6519,3224,100,1,3295,3224,416.1,2023-09-22 05:00:00
439.57,7578.15,7649,2804,98,1,4845,2804,405.35,2023-09-22 06:00:00
446.12,7637.58,7710,3350,97,1,4360,3350,398.91,2023-09-22 07:00:00
390.2,6727.09,6798,2841,100,1,3957,2841,394.81,2023-09-22 08:00:00
365.49,6257.13,6326,2298,100,1,4028,2298,388.11,2023-09-22 09:00:00
293.61,5061.86,5122,1369,100,1,3753,1369,376.7,2023-09-22 10:00:00
241.01,4126.07,4165,876,100,1,3289,876,366.76,2023-09-22 11:00:00
232.97,4016.33,4056,748,100,1,3308,748,363.49,2023-09-22 12:00:00
236.29,4045.25,4086,802,100,1,3284,802,359.92,2023-09-22 13:00:00
227.28,3918.35,3961,809,100,1,3152,809,360.86,2023-09-22 14:00:00
228.24,3907.44,3939,911,100,1,3028,911,361.65,2023-09-22 15:00:00
246.36,4247.29,4284,1292,100,1,2992,1292,372.38,2023-09-22 16:00:00
268.81,4602.04,4639,1856,100,1,2783,1856,378.9,2023-09-22 17:00:00
314.11,5415.27,5467,2573,93,1,2894,2573,385.56,2023-09-22 18:00:00
299.28,5123.67,5175,2303,100,1,2872,2303,379.16,2023-09-22 19:00:00
269.11,4639.45,4688,1622,100,1,3066,1622,378.58,2023-09-22 20:00:00
246.44,4218.97,4261,1324,100,1,2937,1324,373.51,2023-09-22 21:00:00
246.44,4218.97,4261,1324,100,1,2937,1324,373.51,2023-09-22 21:00:00
355.28,6125.0,6188,926,100,1,5262,926,373.46,2023-09-22 23:00:00
210.86,3610.01,3640,823,100,1,2817,823,372.39,2023-09-23 00:00:00
204.6,3527.26,3562,875,100,1,2687,875,375.95,2023-09-23 01:00:00
207.98,3560.7,3595,854,100,1,2741,854,374.77,2023-09-23 02:00:00
201.78,3478.66,3509,926,100,1,2583,926,385.48,2023-09-23 03:00:00
212.23,3633.38,3665,1028,100,1,2637,1028,383.15,2023-09-23 04:00:00
232.41,4006.76,4051,1186,100,1,2865,1186,387.6,2023-09-23 05:00:00
243.72,4172.45,4213,1376,100,1,2837,1376,379.33,2023-09-23 06:00:00
254.51,4387.69,4431,1537,100,1,2894,1537,374.94,2023-09-23 07:00:00
245.45,4202.08,4237,1392,100,1,2845,1392,373.3,2023-09-23 08:00:00
228.81,3944.76,3984,1075,100,1,2909,1075,370.45,2023-09-23 09:00:00
202.6,3468.55,3499,843,100,1,2656,843,368.49,2023-09-23 10:00:00
211.09,3639.26,3675,724,100,1,2951,724,365.46,2023-09-23 11:00:00
191.28,3274.67,3304,644,100,1,2660,644,364.45,2023-09-23 12:00:00
206.9,3566.89,3604,704,100,1,2900,704,365.78,2023-09-23 13:00:00
195.19,3341.59,3376,724,100,1,2652,724,366.03,2023-09-23 14:00:00
216.05,3724.66,3762,931,100,1,2831,931,365.83,2023-09-23 15:00:00
259.97,4450.61,4490,1288,100,1,3202,1288,371.74,2023-09-23 16:00:00
245.85,4238.51,4280,1197,93,1,3083,1197,379.22,2023-09-23 17:00:00
311.85,5338.91,5388,1863,100,1,3525,1863,380.44,2023-09-23 18:00:00
322.9,5566.88,5623,2167,100,1,3456,2167,381.73,2023-09-23 19:00:00
323.17,5532.63,5584,1980,100,1,3604,1980,376.04,2023-09-23 20:00:00
276.49,4766.76,4816,1176,100,1,3640,1176,372.69,2023-09-23 21:00:00
240.22,4112.53,4148,885,100,1,3263,885,369.82,2023-09-23 22:00:00
233.85,4031.5,4072,800,100,1,3272,800,370.34,2023-09-23 23:00:00
214.85,3678.3,3711,763,100,1,2948,763,369.31,2023-09-24 00:00:00
221.85,3824.72,3864,748,100,1,3116,748,371.86,2023-09-24 01:00:00
214.61,3674.1,3711,797,100,1,2914,797,371.55,2023-09-24 02:00:00
212.31,3660.18,3697,757,100,1,2940,757,373.68,2023-09-24 03:00:00
214.47,3671.72,3706,742,100,1,2964,742,372.9,2023-09-24 04:00:00
233.58,4026.99,4066,854,100,1,3212,854,374.46,2023-09-24 05:00:00
254.42,4355.65,4393,991,100,1,3402,991,370.33,2023-09-24 06:00:00
274.24,4727.94,4771,1232,100,1,3539,1232,373.75,2023-09-24 07:00:00
298.01,5101.88,5147,1329,93,1,3818,1329,374.69,2023-09-24 08:00:00
310.33,5350.1,5404,1358,100,1,4046,1358,373.72,2023-09-24 09:00:00
301.03,5153.7,5201,1183,100,1,4018,1183,371.21,2023-09-24 10:00:00
294.28,5073.37,5122,1013,100,1,4109,1013,368.95,2023-09-24 11:00:00
252.19,4317.51,4357,834,100,1,3523,834,366.61,2023-09-24 12:00:00
226.8,3909.98,3946,781,100,1,3165,781,366.45,2023-09-24 13:00:00
226.62,3879.73,3914,864,100,1,3050,864,366.72,2023-09-24 14:00:00
239.38,4126.92,4171,1043,100,1,3128,1043,369.44,2023-09-24 15:00:00
261.16,4471.05,4511,1313,100,1,3198,1313,368.97,2023-09-24 16:00:00
276.45,4766.01,4814,1387,100,1,3427,1387,370.73,2023-09-24 17:00:00
289.91,4963.34,5011,1127,100,1,3884,1127,368.37,2023-09-24 18:00:00
276.91,4773.94,4821,1157,100,1,3664,1157,371.44,2023-09-24 19:00:00
245.39,4201.15,4238,1047,100,1,3191,1047,371.66,2023-09-24 20:00:00
226.61,3906.67,3947,935,100,1,3012,935,374.03,2023-09-24 21:00:00
217.08,3716.45,3749,883,100,1,2866,883,374.2,2023-09-24 22:00:00
249.49,4301.23,4344,1045,95,1,3299,1045,377.58,2023-09-24 23:00:00
236.98,4057.07,4095,885,100,1,3210,885,378.73,2023-09-25 00:00:00
195.73,3374.38,3409,697,100,1,2712,697,384.28,2023-09-25 01:00:00
114.24,1955.73,1972,374,100,1,1598,374,383.13,2023-09-25 02:00:00
110.9,1911.96,1931,339,100,1,1592,339,382.61,2023-09-25 03:00:00
112.62,1928.05,1946,469,100,1,1477,469,379.12,2023-09-25 04:00:00
135.4,2334.33,2357,622,100,1,1735,622,379.94,2023-09-25 05:00:00
141.42,2421.06,2442,777,100,1,1665,777,377.58,2023-09-25 06:00:00
151.67,2614.81,2641,879,100,1,1762,879,380.51,2023-09-25 07:00:00
153.94,2635.48,2659,937,100,1,1722,937,375.37,2023-09-25 08:00:00
155.46,2680.11,2708,860,100,1,1848,860,377.32,2023-09-25 09:00:00
164.23,2811.53,2839,822,100,1,2017,822,370.77,2023-09-25 10:00:00
173.02,2982.87,3010,820,100,1,2190,820,373.41,2023-09-25 11:00:00
187.92,3217.27,3248,982,100,1,2266,982,367.93,2023-09-25 12:00:00
203.61,3510.25,3547,785,100,1,2762,785,370.23,2023-09-25 13:00:00
195.56,3348.04,3381,914,100,1,2467,914,365.51,2023-09-25 14:00:00
185.61,3199.99,3233,995,100,1,2238,995,371.87,2023-09-25 15:00:00
199.58,3416.8,3451,1343,100,1,2108,1343,370.08,2023-09-25 16:00:00
208.62,3596.58,3632,1321,100,1,2311,1321,382.65,2023-09-25 17:00:00
237.81,4071.37,4107,1714,100,1,2393,1714,385.15,2023-09-25 18:00:00
195.54,3371.12,3404,1431,100,1,1973,1431,391.15,2023-09-25 19:00:00
188.37,3224.82,3254,1336,93,1,1918,1336,385.59,2023-09-25 20:00:00
195.39,3368.56,3401,1231,100,1,2170,1231,391.16,2023-09-25 21:00:00
196.84,3369.91,3401,1441,100,1,1960,1441,392.05,2023-09-25 22:00:00
243.36,4195.57,4236,2024,100,1,2212,2024,399.23,2023-09-25 23:00:00
228.48,3911.55,3949,1971,100,1,1978,1971,400.52,2023-09-26 00:00:00
226.55,3905.74,3943,2001,100,1,1942,2001,406.07,2023-09-26 01:00:00
243.61,4170.63,4211,2239,100,1,1972,2239,406.64,2023-09-26 02:00:00
263.28,4538.93,4583,2590,100,1,1993,2590,410.11,2023-09-26 03:00:00
234.22,4009.8,4048,2130,100,1,1918,2130,401.18,2023-09-26 04:00:00
262.91,4532.51,4575,2599,100,1,1976,2599,405.75,2023-09-26 05:00:00
313.94,5374.64,5427,3002,93,1,2425,3002,399.35,2023-09-26 06:00:00
281.54,4853.72,4904,2388,100,1,2516,2388,390.99,2023-09-26 07:00:00
247.62,4239.2,4274,1739,100,1,2535,1739,385.17,2023-09-26 08:00:00
231.97,3999.19,4036,1541,100,1,2495,1541,382.18,2023-09-26 09:00:00
209.09,3579.55,3612,1405,100,1,2207,1405,378.44,2023-09-26 10:00:00
231.91,3998.05,4036,1783,100,1,2253,1783,379.99,2023-09-26 11:00:00
240.95,4125.12,4169,1892,100,1,2277,1892,380.12,2023-09-26 12:00:00
249.14,4295.24,4341,2067,100,1,2274,2067,378.43,2023-09-26 13:00:00
241.43,4133.3,4173,1823,100,1,2350,1823,373.63,2023-09-26 14:00:00
224.52,3870.71,3909,1448,100,1,2461,1448,377.22,2023-09-26 15:00:00
239.46,4099.57,4136,1816,100,1,2320,1816,385.65,2023-09-26 16:00:00
302.62,5217.11,5274,2552,93,1,2722,2552,395.12,2023-09-26 17:00:00
399.39,6837.5,6903,4080,100,1,2823,4080,396.7,2023-09-26 18:00:00
403.76,6960.74,7037,4037,100,1,3000,4037,402.22,2023-09-26 19:00:00
426.1,7294.75,7363,4432,100,1,2931,4432,403.01,2023-09-26 20:00:00
407.29,7021.66,7090,4181,100,1,2909,4181,405.4,2023-09-26 21:00:00
453.41,7762.44,7836,5040,93,1,2796,5040,405.79,2023-09-26 22:00:00
452.41,7799.59,7877,4769,100,1,3108,4769,408.69,2023-09-26 23:00:00
438.92,7514.4,7584,4513,100,1,3071,4513,409.37,2023-09-27 00:00:00
551.53,9508.42,9602,6795,100,1,2807,6795,414.16,2023-09-27 01:00:00
527.45,9030.02,9115,6667,93,1,2448,6667,408.44,2023-09-27 02:00:00
368.49,6352.71,6417,3801,100,1,2616,3801,409.58,2023-09-27 03:00:00
460.84,7889.5,7963,5310,100,1,2653,5310,411.62,2023-09-27 04:00:00
458.34,7901.75,7980,5041,100,1,2939,5041,409.43,2023-09-27 05:00:00
425.29,7281.04,7346,4268,93,1,3078,4268,400.57,2023-09-27 06:00:00
485.31,8366.74,8443,4871,100,1,3572,4871,400.36,2023-09-27 07:00:00
456.64,7817.6,7890,4396,100,1,3494,4396,396.59,2023-09-27 08:00:00
301.25,5193.53,5249,2206,100,1,3043,2206,387.33,2023-09-27 09:00:00
206.14,3529.06,3562,907,100,1,2655,907,376.92,2023-09-27 10:00:00
196.48,3387.37,3420,801,100,1,2619,801,373.84,2023-09-27 11:00:00
244.15,4179.78,4217,1085,100,1,3132,1085,370.44,2023-09-27 12:00:00
227.41,3920.6,3963,1018,100,1,2945,1018,371.3,2023-09-27 13:00:00
218.67,3743.58,3782,997,100,1,2785,997,368.44,2023-09-27 14:00:00
227.22,3917.3,3957,1089,100,1,2868,1089,375.15,2023-09-27 15:00:00
250.16,4282.74,4323,1548,100,1,2775,1548,383.53,2023-09-27 16:00:00
303.33,5229.42,5286,2563,93,1,2723,2563,388.81,2023-09-27 17:00:00
296.82,5081.62,5127,2364,100,1,2763,2364,391.83,2023-09-27 18:00:00
352.72,6080.89,6145,3228,100,1,2917,3228,401.76,2023-09-27 19:00:00
444.97,7617.9,7689,4749,100,1,2940,4749,408.84,2023-09-27 20:00:00
483.56,8336.5,8429,5292,100,1,3137,5292,417.0,2023-09-27 21:00:00
531.82,9104.74,9192,5821,93,1,3371,5821,418.8,2023-09-27 22:00:00
619.24,10675.71,10782,7312,100,1,3470,7312,428.17,2023-09-27 23:00:00
639.27,10944.38,11049,7313,100,1,3736,7313,428.87,2023-09-28 00:00:00
503.46,8679.63,8765,4888,93,1,3877,4888,417.55,2023-09-28 01:00:00
408.01,6985.16,7051,3859,100,1,3192,3859,404.62,2023-09-28 02:00:00
361.55,6233.19,6296,3053,100,1,3243,3053,397.96,2023-09-28 03:00:00
324.5,5555.37,5608,2329,100,1,3279,2329,390.76,2023-09-28 04:00:00
292.96,5050.64,5103,1993,100,1,3110,1993,388.94,2023-09-28 05:00:00
324.6,5557.12,5606,2481,100,1,3125,2481,387.62,2023-09-28 06:00:00
335.08,5776.72,5833,2535,100,1,3298,2535,391.71,2023-09-28 07:00:00
313.58,5368.57,5425,2198,100,1,3227,2198,385.92,2023-09-28 08:00:00
270.52,4663.83,4713,1537,93,1,3176,1537,379.42,2023-09-28 09:00:00
243.35,4166.16,4209,1109,100,1,3100,1109,374.51,2023-09-28 10:00:00
260.44,4490.06,4538,1083,100,1,3455,1083,371.86,2023-09-28 11:00:00
287.5,4921.98,4969,1250,100,1,3719,1250,367.12,2023-09-28 12:00:00
271.14,4674.43,4723,1221,100,1,3502,1221,368.28,2023-09-28 13:00:00
262.69,4497.3,4539,1050,100,1,3489,1050,365.75,2023-09-28 14:00:00
264.92,4567.18,4617,1099,100,1,3518,1099,369.58,2023-09-28 15:00:00
276.25,4729.36,4779,1416,100,1,3363,1416,368.65,2023-09-28 16:00:00
320.77,5530.11,5585,2050,100,1,3535,2050,374.45,2023-09-28 17:00:00
326.47,5589.13,5637,1784,100,1,3853,1784,373.26,2023-09-28 18:00:00
324.17,5588.75,5642,1736,100,1,3906,1736,378.07,2023-09-28 19:00:00
309.13,5292.25,5338,1523,100,1,3815,1523,374.76,2023-09-28 20:00:00
285.08,4914.84,4962,1369,100,1,3593,1369,377.57,2023-09-28 21:00:00
258.64,4427.89,4471,1227,93,1,3244,1227,375.24,2023-09-28 22:00:00
252.15,4347.11,4390,1125,100,1,3265,1125,376.91,2023-09-28 23:00:00
253.17,4334.31,4374,1127,100,1,3247,1127,375.01,2023-09-29 00:00:00
244.38,4213.08,4257,943,100,1,3314,943,377.42,2023-09-29 01:00:00
243.92,4175.89,4211,1092,100,1,3119,1092,376.69,2023-09-29 02:00:00
244.15,4209.13,4250,1109,100,1,3141,1109,381.43,2023-09-29 03:00:00
266.82,4567.96,4605,1690,100,1,2915,1690,382.39,2023-09-29 04:00:00
291.38,5023.32,5076,1961,100,1,3115,1961,389.06,2023-09-29 05:00:00
365.24,6252.98,6307,3183,100,1,3124,3183,387.38,2023-09-29 06:00:00
423.02,7292.92,7371,3925,100,1,3446,3925,388.02,2023-09-29 07:00:00
458.46,7848.75,7914,4649,93,1,3265,4649,392.57,2023-09-29 08:00:00
397.53,6853.49,6923,3469,100,1,3454,3469,390.16,2023-09-29 09:00:00
327.31,5603.47,5656,2295,100,1,3361,2295,386.1,2023-09-29 10:00:00
284.91,4911.86,4962,1588,100,1,3374,1588,378.48,2023-09-29 11:00:00
263.16,4505.38,4547,1304,100,1,3243,1304,374.71,2023-09-29 12:00:00
266.14,4588.17,4636,1297,100,1,3339,1297,371.39,2023-09-29 13:00:00
275.62,4718.62,4761,1342,100,1,3419,1342,372.18,2023-09-29 14:00:00
308.5,5318.62,5374,1533,100,1,3841,1533,375.36,2023-09-29 15:00:00
383.31,6562.19,6619,2140,100,1,4479,2140,380.64,2023-09-29 16:00:00
384.53,6629.24,6697,2595,93,1,4102,2595,384.39,2023-09-29 17:00:00
354.28,6065.21,6121,2499,100,1,3622,2499,385.82,2023-09-29 18:00:00
394.34,6798.36,6866,2797,100,1,4069,2797,388.45,2023-09-29 19:00:00
395.87,6777.34,6848,3087,100,1,3761,3087,388.86,2023-09-29 20:00:00
408.0,7033.87,7106,2957,100,1,4149,2957,390.65,2023-09-29 21:00:00
395.14,6764.76,6825,2803,100,1,4022,2803,390.37,2023-09-29 22:00:00
374.89,6463.02,6527,2793,100,1,3734,2793,390.36,2023-09-29 23:00:00
365.05,6249.59,6307,2404,93,1,3903,2404,388.55,2023-09-30 00:00:00
356.33,6143.14,6205,2198,100,1,4007,2198,392.01,2023-09-30 01:00:00
426.6,7303.4,7369,3924,100,1,3445,3924,391.65,2023-09-30 02:00:00
366.52,6318.88,6380,2560,100,1,3820,2560,392.73,2023-09-30 03:00:00
351.88,6024.13,6081,2385,100,1,3696,2385,390.39,2023-09-30 04:00:00
346.89,5980.3,6038,2341,100,1,3697,2341,389.53,2023-09-30 05:00:00
354.83,6074.72,6126,2574,100,1,3552,2574,385.67,2023-09-30 06:00:00
367.9,6342.6,6403,2611,93,1,3792,2611,388.34,2023-09-30 07:00:00
361.63,6191.18,6258,2297,100,1,3961,2297,385.87,2023-09-30 08:00:00
354.85,6117.54,6186,1799,100,1,4387,1799,381.52,2023-09-30 09:00:00
326.97,5597.66,5658,1474,100,1,4184,1474,373.78,2023-09-30 10:00:00
309.09,5328.68,5386,1191,100,1,4195,1191,371.41,2023-09-30 11:00:00
357.9,6127.27,6185,1195,100,1,4990,1195,367.2,2023-09-30 12:00:00
296.92,5118.97,5175,1209,100,1,3966,1209,368.47,2023-09-30 13:00:00
295.41,5057.41,5109,1227,100,1,3882,1227,365.46,2023-09-30 14:00:00
300.14,5174.45,5225,1281,100,1,3944,1281,368.82,2023-09-30 15:00:00
379.1,6490.16,6545,2222,100,1,4323,2222,367.7,2023-09-30 16:00:00
395.78,6823.18,6890,2470,100,1,4420,2470,372.15,2023-09-30 17:00:00
383.87,6571.85,6632,2140,93,1,4492,2140,369.51,2023-09-30 18:00:00
379.99,6551.01,6614,1888,100,1,4726,1888,373.18,2023-09-30 19:00:00
