TCcounts,TCmass,TCconc,AE33_BC6,AE33_ValidData,AE33_b,OC,EC,CO2,EndTimeUTC
391.56,6703.51,6767,1916,100,1,4851,1916,371.33,2023-09-30 20:00:00
368.83,6358.67,6423,1610,100,1,4813,1610,374.24,2023-09-30 21:00:00
345.45,5914.04,5972,1378,100,1,4594,1378,372.0,2023-09-30 22:00:00
319.79,5513.25,5572,1212,100,1,4360,1212,374.48,2023-09-30 23:00:00
305.72,5233.89,5280,1117,100,1,4163,1117,371.78,2023-10-01 00:00:00
311.06,5362.67,5412,1097,100,1,4315,1097,374.26,2023-10-01 01:00:00
287.18,4916.54,4961,1025,100,1,3936,1025,372.13,2023-10-01 02:00:00
295.14,5088.17,5139,1031,100,1,4108,1031,375.34,2023-10-01 03:00:00
294.68,5044.92,5091,1131,100,1,3960,1131,374.24,2023-10-01 04:00:00
311.43,5369.1,5423,1245,100,1,4178,1245,378.37,2023-10-01 05:00:00
315.33,5398.41,5445,1379,100,1,4066,1379,377.26,2023-10-01 06:00:00
324.04,5586.47,5642,1405,93,1,4237,1405,383.22,2023-10-01 07:00:00
229.41,3927.48,3962,1118,100,1,2844,1118,379.42,2023-10-01 08:00:00
218.77,3771.53,3808,955,100,1,2853,955,380.83,2023-10-01 09:00:00
193.44,3311.7,3340,622,100,1,2718,622,370.97,2023-10-01 10:00:00
165.75,2857.57,2888,407,100,1,2481,407,369.68,2023-10-01 11:00:00
180.7,3093.62,3124,415,100,1,2709,415,361.78,2023-10-01 12:00:00
176.75,3047.2,3076,464,100,1,2612,464,363.65,2023-10-01 13:00:00
188.63,3229.4,3261,428,100,1,2833,428,359.94,2023-10-01 14:00:00
206.66,3562.79,3597,618,100,1,2979,618,365.09,2023-10-01 15:00:00
183.02,3133.38,3162,562,100,1,2600,562,362.31,2023-10-01 16:00:00
170.35,2936.84,2967,573,100,1,2394,573,367.36,2023-10-01 17:00:00
162.6,2783.7,2810,553,100,1,2257,553,363.66,2023-10-01 18:00:00
165.93,2860.6,2888,599,100,1,2289,599,368.33,2023-10-01 19:00:00
184.69,3161.82,3192,634,100,1,2558,634,364.63,2023-10-01 20:00:00
169.87,2928.5,2957,589,100,1,2368,589,369.91,2023-10-01 21:00:00
160.07,2740.36,2765,581,100,1,2184,581,367.13,2023-10-01 22:00:00
168.2,2899.72,2929,589,100,1,2340,589,372.95,2023-10-01 23:00:00
172.81,2958.59,2985,597,100,1,2388,597,371.01,2023-10-02 00:00:00
161.13,2777.94,2804,592,100,1,2212,592,376.84,2023-10-02 01:00:00
156.24,2674.82,2701,571,100,1,2130,571,372.86,2023-10-02 02:00:00
146.91,2532.75,2558,450,100,1,2108,450,377.16,2023-10-02 03:00:00
136.01,2328.57,2349,476,100,1,1873,476,373.03,2023-10-02 04:00:00
148.9,2567.08,2591,676,100,1,1915,676,378.01,2023-10-02 05:00:00
138.5,2371.16,2394,640,100,1,1754,640,373.68,2023-10-02 06:00:00
153.17,2640.61,2664,819,100,1,1845,819,376.61,2023-10-02 07:00:00
159.35,2728.08,2756,875,100,1,1881,875,375.14,2023-10-02 08:00:00
140.92,2429.53,2453,709,100,1,1744,709,377.06,2023-10-02 09:00:00
164.16,2810.49,2840,986,100,1,1854,986,373.72,2023-10-02 10:00:00
165.01,2844.81,2874,821,100,1,2053,821,373.26,2023-10-02 11:00:00
170.89,2925.58,2955,898,93,1,2057,898,369.65,2023-10-02 12:00:00
185.78,3202.93,3237,1015,100,1,2222,1015,369.25,2023-10-02 13:00:00
213.96,3662.98,3697,1154,100,1,2543,1154,367.99,2023-10-02 14:00:00
249.04,4293.51,4336,1243,100,1,3093,1243,369.98,2023-10-02 15:00:00
236.93,4056.22,4095,1564,100,1,2531,1564,370.84,2023-10-02 16:00:00
233.42,4024.16,4064,1357,100,1,2707,1357,374.26,2023-10-02 17:00:00
230.91,3953.26,3986,1360,100,1,2626,1360,373.42,2023-10-02 18:00:00
225.65,3890.2,3928,1257,100,1,2671,1257,375.08,2023-10-02 19:00:00
200.03,3424.52,3455,898,100,1,2557,898,373.21,2023-10-02 20:00:00
182.09,3139.22,3171,666,100,1,2505,666,373.95,2023-10-02 21:00:00
163.69,2802.38,2827,479,100,1,2348,479,372.5,2023-10-02 22:00:00
149.89,2584.05,2611,423,100,1,2188,423,373.38,2023-10-02 23:00:00
149.76,2563.9,2585,323,100,1,2262,323,372.36,2023-10-03 00:00:00
151.88,2618.39,2646,477,100,1,2169,477,374.15,2023-10-03 01:00:00
154.37,2642.76,2665,420,100,1,2245,420,374.03,2023-10-03 02:00:00
150.83,2600.31,2627,336,100,1,2291,336,375.78,2023-10-03 03:00:00
153.28,2624.24,2649,565,100,1,2084,565,377.04,2023-10-03 04:00:00
180.7,3115.33,3147,1413,100,1,1734,1413,382.38,2023-10-03 05:00:00
210.14,3597.63,3630,1507,100,1,2123,1507,377.69,2023-10-03 06:00:00
259.98,4481.97,4523,2048,100,1,2475,2048,379.59,2023-10-03 07:00:00
219.77,3762.5,3794,1265,93,1,2529,1265,377.13,2023-10-03 08:00:00
197.57,3406.15,3439,882,100,1,2557,882,375.64,2023-10-03 09:00:00
186.5,3192.87,3224,606,100,1,2618,606,369.84,2023-10-03 10:00:00
200.76,3461.05,3496,618,100,1,2878,618,368.51,2023-10-03 11:00:00
201.86,3455.77,3489,630,100,1,2859,630,366.06,2023-10-03 12:00:00
260.12,4484.4,4534,612,100,1,3922,612,365.03,2023-10-03 13:00:00
222.46,3808.6,3845,515,100,1,3330,515,362.84,2023-10-03 14:00:00
211.52,3646.6,3685,698,100,1,2987,698,364.59,2023-10-03 15:00:00
255.08,4366.91,4405,1318,100,1,3087,1318,364.65,2023-10-03 16:00:00
255.8,4409.99,4455,1164,100,1,3291,1164,366.63,2023-10-03 17:00:00
252.87,4329.2,4372,977,100,1,3395,977,365.21,2023-10-03 18:00:00
210.15,3623.0,3662,672,100,1,2990,672,366.06,2023-10-03 19:00:00
222.4,3807.47,3845,614,100,1,3231,614,364.73,2023-10-03 20:00:00
207.21,3572.36,3611,610,100,1,3001,610,365.99,2023-10-03 21:00:00
204.23,3496.38,3531,585,100,1,2946,585,364.86,2023-10-03 22:00:00
216.55,3733.29,3773,595,100,1,3178,595,366.58,2023-10-03 23:00:00
222.16,3803.3,3839,631,100,1,3208,631,366.14,2023-10-04 00:00:00
229.48,3956.2,3995,727,100,1,3268,727,368.57,2023-10-04 01:00:00
231.61,3965.22,4001,740,100,1,3261,740,367.77,2023-10-04 02:00:00
257.5,4439.29,4482,886,100,1,3596,886,369.72,2023-10-04 03:00:00
243.48,4168.4,4209,869,100,1,3340,869,369.04,2023-10-04 04:00:00
249.74,4305.48,4349,917,100,1,3432,917,370.24,2023-10-04 05:00:00
273.45,4681.39,4725,1094,100,1,3631,1094,368.49,2023-10-04 06:00:00
297.59,5130.43,5183,1182,100,1,4001,1182,370.83,2023-10-04 07:00:00
312.91,5357.09,5411,1177,93,1,4234,1177,365.79,2023-10-04 08:00:00
310.87,5359.47,5410,1129,100,1,4281,1129,367.38,2023-10-04 09:00:00
323.42,5536.92,5591,1045,100,1,4546,1045,361.91,2023-10-04 10:00:00
322.26,5555.68,5616,974,100,1,4642,974,365.84,2023-10-04 11:00:00
319.71,5473.51,5518,1020,100,1,4498,1020,361.85,2023-10-04 12:00:00
271.17,4675.0,4721,1121,100,1,3600,1121,368.64,2023-10-04 13:00:00
241.57,4135.63,4176,837,100,1,3339,837,366.72,2023-10-04 14:00:00
248.3,4280.68,4319,1064,100,1,3255,1064,374.45,2023-10-04 15:00:00
234.0,4006.04,4043,1087,100,1,2956,1087,372.77,2023-10-04 16:00:00
227.72,3925.84,3968,983,100,1,2985,983,375.97,2023-10-04 17:00:00
193.55,3313.55,3344,731,100,1,2613,731,371.75,2023-10-04 18:00:00
211.04,3638.36,3675,766,100,1,2909,766,377.44,2023-10-04 19:00:00
181.16,3101.41,3131,633,100,1,2498,633,375.33,2023-10-04 20:00:00
151.17,2606.11,2632,470,100,1,2162,470,378.71,2023-10-04 21:00:00
152.22,2606.03,2631,432,100,1,2199,432,374.54,2023-10-04 22:00:00
157.97,2723.47,2749,435,100,1,2314,435,375.63,2023-10-04 23:00:00
152.08,2603.69,2630,387,100,1,2243,387,371.13,2023-10-05 00:00:00
147.66,2545.59,2572,376,100,1,2196,376,374.01,2023-10-05 01:00:00
133.22,2280.78,2301,363,100,1,1938,363,370.69,2023-10-05 02:00:00
151.0,2603.26,2632,359,100,1,2273,359,375.88,2023-10-05 03:00:00
147.84,2531.1,2553,446,100,1,2107,446,373.25,2023-10-05 04:00:00
162.45,2800.68,2828,686,100,1,2142,686,378.66,2023-10-05 05:00:00
184.99,3166.97,3197,845,100,1,2352,845,377.81,2023-10-05 06:00:00
188.19,3244.37,3278,971,100,1,2307,971,380.47,2023-10-05 07:00:00
190.14,3255.18,3284,934,93,1,2350,934,378.21,2023-10-05 08:00:00
201.99,3482.33,3517,1093,100,1,2424,1093,377.56,2023-10-05 09:00:00
193.07,3305.4,3334,857,100,1,2477,857,374.24,2023-10-05 10:00:00
175.95,3033.37,3066,660,100,1,2406,660,374.21,2023-10-05 11:00:00
189.48,3243.98,3274,949,100,1,2325,949,370.14,2023-10-05 12:00:00
190.13,3277.91,3310,789,100,1,2521,789,369.39,2023-10-05 13:00:00
198.07,3391.02,3423,1008,100,1,2415,1008,372.23,2023-10-05 14:00:00
240.54,4146.84,4189,1328,100,1,2861,1328,373.99,2023-10-05 15:00:00
293.29,5021.04,5066,1421,100,1,3645,1421,371.34,2023-10-05 16:00:00
235.72,4063.75,4105,1143,100,1,2962,1143,371.47,2023-10-05 17:00:00
226.13,3871.36,3908,1083,100,1,2825,1083,369.64,2023-10-05 18:00:00
244.56,4216.16,4257,1286,100,1,2971,1286,371.43,2023-10-05 19:00:00
238.98,4091.38,4132,1150,100,1,2982,1150,369.94,2023-10-05 20:00:00
212.9,3670.43,3709,731,100,1,2978,731,370.44,2023-10-05 21:00:00
188.44,3226.17,3256,532,100,1,2724,532,369.14,2023-10-05 22:00:00
196.39,3385.78,3421,828,100,1,2593,828,370.8,2023-10-05 23:00:00
186.72,3196.56,3229,606,100,1,2623,606,369.87,2023-10-06 00:00:00
183.87,3169.93,3203,611,100,1,2592,611,370.99,2023-10-06 01:00:00
183.53,3141.95,3171,489,100,1,2682,489,369.85,2023-10-06 02:00:00
180.27,3107.93,3140,589,100,1,2551,589,370.98,2023-10-06 03:00:00
178.49,3055.73,3085,663,100,1,2422,663,370.38,2023-10-06 04:00:00
191.94,3309.0,3346,775,100,1,2571,775,371.82,2023-10-06 05:00:00
204.17,3495.39,3528,867,93,1,2661,867,371.16,2023-10-06 06:00:00
225.45,3886.72,3925,1190,100,1,2735,1190,372.76,2023-10-06 07:00:00
207.07,3545.04,3583,1100,100,1,2483,1100,371.22,2023-10-06 08:00:00
212.53,3664.01,3703,1263,100,1,2440,1263,371.85,2023-10-06 09:00:00
206.35,3532.7,3564,1217,100,1,2347,1217,370.56,2023-10-06 10:00:00
175.55,3026.53,3059,829,100,1,2230,829,373.64,2023-10-06 11:00:00
197.83,3386.93,3416,1274,100,1,2142,1274,372.98,2023-10-06 12:00:00
159.62,2751.91,2782,756,100,1,2026,756,372.29,2023-10-06 13:00:00
126.41,2164.13,2182,436,100,1,1746,436,369.44,2023-10-06 14:00:00
120.12,2070.85,2089,376,100,1,1713,376,368.84,2023-10-06 15:00:00
111.84,1914.65,1930,327,100,1,1603,327,365.88,2023-10-06 16:00:00
118.32,2039.76,2057,328,100,1,1729,328,366.39,2023-10-06 17:00:00
118.75,2032.99,2052,338,100,1,1714,338,364.73,2023-10-06 18:00:00
128.76,2219.87,2240,291,100,1,1949,291,365.61,2023-10-06 19:00:00
132.47,2267.86,2288,289,100,1,1999,289,364.53,2023-10-06 20:00:00
136.24,2348.8,2373,314,100,1,2059,314,365.22,2023-10-06 21:00:00
129.29,2213.42,2233,234,100,1,1999,234,364.44,2023-10-06 22:00:00
143.52,2474.33,2500,333,100,1,2167,333,366.1,2023-10-06 23:00:00
161.6,2766.61,2792,401,100,1,2391,401,366.08,2023-10-07 00:00:00
130.38,2247.74,2270,376,100,1,1894,376,367.94,2023-10-07 01:00:00
126.8,2170.78,2190,351,100,1,1839,351,368.13,2023-10-07 02:00:00
129.73,2236.63,2260,497,100,1,1763,497,371.67,2023-10-07 03:00:00
150.04,2568.71,2594,550,100,1,2044,550,373.33,2023-10-07 04:00:00
174.76,3012.78,3044,781,100,1,2263,781,375.09,2023-10-07 05:00:00
157.43,2695.26,2722,832,100,1,1890,832,372.17,2023-10-07 06:00:00
160.87,2773.39,2803,653,100,1,2150,653,373.12,2023-10-07 07:00:00
152.18,2605.29,2633,615,100,1,2018,615,370.11,2023-10-07 08:00:00
159.8,2754.88,2785,856,100,1,1929,856,372.21,2023-10-07 09:00:00
156.41,2677.72,2705,630,100,1,2075,630,368.45,2023-10-07 10:00:00
146.12,2519.19,2546,617,100,1,1929,617,371.07,2023-10-07 11:00:00
157.95,2704.11,2733,725,100,1,2008,725,368.81,2023-10-07 12:00:00
161.93,2791.62,2823,792,100,1,2031,792,373.12,2023-10-07 13:00:00
163.36,2796.76,2826,722,93,1,2104,722,371.06,2023-10-07 14:00:00
154.37,2661.41,2693,770,100,1,1923,770,375.46,2023-10-07 15:00:00
158.62,2715.58,2744,689,100,1,2055,689,373.25,2023-10-07 16:00:00
140.53,2422.72,2448,468,100,1,1980,468,375.86,2023-10-07 17:00:00
158.06,2705.92,2735,577,100,1,2158,577,375.07,2023-10-07 18:00:00
150.41,2593.15,2625,543,100,1,2082,543,377.58,2023-10-07 19:00:00
134.92,2309.87,2334,267,100,1,2067,267,370.41,2023-10-07 20:00:00
114.34,1971.17,1992,168,100,1,1824,168,371.34,2023-10-07 21:00:00
116.85,2000.43,2022,145,100,1,1877,145,366.16,2023-10-07 22:00:00
116.88,2014.98,2038,114,100,1,1924,114,370.57,2023-10-07 23:00:00
110.37,1889.58,1909,96,100,1,1813,96,366.95,2023-10-08 00:00:00
119.06,2052.6,2075,103,100,1,1972,103,369.84,2023-10-08 01:00:00
124.34,2128.63,2152,103,100,1,2049,103,367.77,2023-10-08 02:00:00
143.77,2478.63,2504,140,100,1,2364,140,369.52,2023-10-08 03:00:00
118.41,2027.16,2049,145,100,1,1904,145,367.3,2023-10-08 04:00:00
112.79,1944.48,1965,168,100,1,1797,168,370.56,2023-10-08 05:00:00
113.2,1938.03,1959,218,100,1,1741,218,370.13,2023-10-08 06:00:00
116.97,2016.58,2038,285,100,1,1753,285,370.99,2023-10-08 07:00:00
156.77,2683.98,2711,306,100,1,2405,306,370.23,2023-10-08 08:00:00
133.56,2302.49,2326,306,100,1,2020,306,372.59,2023-10-08 09:00:00
129.7,2220.39,2243,280,100,1,1963,280,371.99,2023-10-08 10:00:00
126.31,2177.66,2201,318,100,1,1883,318,374.87,2023-10-08 11:00:00
134.27,2298.73,2322,416,100,1,1906,416,376.56,2023-10-08 12:00:00
150.95,2602.44,2631,498,100,1,2133,498,379.01,2023-10-08 13:00:00
129.63,2219.29,2241,465,100,1,1776,465,378.54,2023-10-08 14:00:00
146.23,2521.03,2547,543,100,1,2004,543,377.11,2023-10-08 15:00:00
132.74,2272.54,2296,403,100,1,1893,403,371.53,2023-10-08 16:00:00
107.7,1856.75,1876,295,100,1,1581,295,371.25,2023-10-08 17:00:00
115.15,1971.37,1991,292,100,1,1699,292,370.62,2023-10-08 18:00:00
118.19,2037.66,2060,284,100,1,1776,284,372.21,2023-10-08 19:00:00
118.22,2023.89,2045,241,100,1,1804,241,371.9,2023-10-08 20:00:00
109.05,1880.02,1899,186,100,1,1713,186,373.17,2023-10-08 21:00:00
96.04,1644.25,1659,121,100,1,1538,121,372.4,2023-10-08 22:00:00
97.62,1683.05,1700,78,100,1,1622,78,372.62,2023-10-08 23:00:00
94.61,1619.66,1633,68,100,1,1565,68,371.21,2023-10-09 00:00:00
101.35,1747.31,1764,72,100,1,1692,72,372.01,2023-10-09 01:00:00
101.54,1738.45,1753,103,100,1,1650,103,370.9,2023-10-09 02:00:00
89.86,1549.25,1564,88,100,1,1476,88,372.3,2023-10-09 03:00:00
92.05,1575.88,1590,147,100,1,1443,147,371.58,2023-10-09 04:00:00
96.03,1655.62,1671,239,100,1,1432,239,372.48,2023-10-09 05:00:00
116.47,1994.01,2012,338,100,1,1674,338,372.2,2023-10-09 06:00:00
115.58,1992.67,2013,351,100,1,1662,351,372.33,2023-10-09 07:00:00
120.31,2059.64,2077,394,100,1,1683,394,370.64,2023-10-09 08:00:00
119.3,2056.69,2076,397,100,1,1679,397,371.5,2023-10-09 09:00:00
136.68,2339.96,2361,356,100,1,2005,356,370.33,2023-10-09 10:00:00
157.63,2717.48,2745,311,100,1,2434,311,370.33,2023-10-09 11:00:00
126.05,2157.92,2178,390,100,1,1788,390,368.39,2023-10-09 12:00:00
133.0,2292.91,2315,329,100,1,1986,329,369.4,2023-10-09 13:00:00
138.44,2370.13,2393,504,100,1,1889,504,368.51,2023-10-09 14:00:00
126.82,2186.3,2208,436,100,1,1772,436,369.96,2023-10-09 15:00:00
138.26,2367.06,2388,418,100,1,1970,418,369.93,2023-10-09 16:00:00
130.25,2245.51,2266,380,100,1,1886,380,370.82,2023-10-09 17:00:00
117.96,2019.49,2039,325,100,1,1714,325,369.33,2023-10-09 18:00:00
133.03,2293.49,2316,417,100,1,1899,417,370.65,2023-10-09 19:00:00
125.6,2150.35,2170,304,100,1,1866,304,369.33,2023-10-09 20:00:00
118.46,2042.22,2061,289,100,1,1772,289,370.47,2023-10-09 21:00:00
127.69,2186.11,2207,253,100,1,1954,253,369.37,2023-10-09 22:00:00
108.57,1871.78,1892,205,100,1,1687,205,369.93,2023-10-09 23:00:00
99.91,1710.49,1727,156,100,1,1571,156,368.08,2023-10-10 00:00:00
114.48,1973.55,1994,137,100,1,1857,137,368.51,2023-10-10 01:00:00
106.98,1831.52,1848,191,100,1,1657,191,368.63,2023-10-10 02:00:00
115.69,1994.51,2014,279,100,1,1735,279,371.52,2023-10-10 03:00:00
123.23,2109.65,2128,304,100,1,1824,304,372.32,2023-10-10 04:00:00
126.8,2185.96,2208,437,100,1,1771,437,374.66,2023-10-10 05:00:00
128.41,2198.34,2217,447,93,1,1770,447,374.28,2023-10-10 06:00:00
123.91,2136.14,2157,529,100,1,1628,529,377.86,2023-10-10 07:00:00
144.23,2469.14,2494,648,100,1,1846,648,375.74,2023-10-10 08:00:00
140.54,2422.95,2448,611,100,1,1837,611,376.8,2023-10-10 09:00:00
140.89,2412.06,2435,541,100,1,1894,541,371.81,2023-10-10 10:00:00
152.14,2622.96,2648,543,100,1,2105,543,374.21,2023-10-10 11:00:00
149.6,2561.15,2583,532,100,1,2051,532,369.74,2023-10-10 12:00:00
135.53,2336.5,2359,451,100,1,1908,451,372.74,2023-10-10 13:00:00
151.02,2585.53,2609,510,100,1,2099,510,368.69,2023-10-10 14:00:00
147.33,2539.94,2564,516,100,1,2048,516,371.94,2023-10-10 15:00:00
159.31,2727.32,2750,621,100,1,2129,621,369.4,2023-10-10 16:00:00
164.86,2842.19,2868,760,100,1,2108,760,374.79,2023-10-10 17:00:00
164.84,2822.05,2845,727,100,1,2118,727,372.6,2023-10-10 18:00:00
170.98,2947.75,2976,831,100,1,2145,831,377.65,2023-10-10 19:00:00
172.1,2946.31,2972,874,100,1,2098,874,375.53,2023-10-10 20:00:00
167.09,2880.59,2908,703,100,1,2205,703,379.61,2023-10-10 21:00:00
171.56,2937.13,2963,784,100,1,2179,784,377.35,2023-10-10 22:00:00
255.06,4397.32,4440,2150,100,1,2290,2150,380.51,2023-10-10 23:00:00
272.47,4664.71,4707,2441,100,1,2266,2441,378.17,2023-10-11 00:00:00
223.38,3851.0,3889,1805,100,1,2084,1805,380.52,2023-10-11 01:00:00
197.08,3373.99,3403,1322,100,1,2081,1322,377.31,2023-10-11 02:00:00
154.8,2668.77,2697,800,100,1,1897,800,381.28,2023-10-11 03:00:00
170.97,2927.01,2954,1070,100,1,1884,1070,380.09,2023-10-11 04:00:00
185.4,3196.34,3229,1223,100,1,2006,1223,386.44,2023-10-11 05:00:00
228.86,3918.11,3956,1680,93,1,2276,1680,386.81,2023-10-11 06:00:00
264.71,4563.51,4611,1685,100,1,2926,1685,386.51,2023-10-11 07:00:00
257.74,4412.5,4446,1708,100,1,2738,1708,380.33,2023-10-11 08:00:00
262.37,4523.18,4568,1055,100,1,3513,1055,381.32,2023-10-11 09:00:00
217.09,3716.66,3753,673,100,1,3080,673,376.48,2023-10-11 10:00:00
173.16,2985.28,3017,502,100,1,2515,502,372.64,2023-10-11 11:00:00
171.5,2936.16,2964,409,100,1,2555,409,368.4,2023-10-11 12:00:00
160.94,2774.63,2804,471,100,1,2333,471,367.98,2023-10-11 13:00:00
188.18,3221.68,3251,635,100,1,2616,635,368.18,2023-10-11 14:00:00
204.3,3522.14,3558,802,100,1,2756,802,369.44,2023-10-11 15:00:00
219.43,3756.56,3795,722,100,1,3073,722,368.54,2023-10-11 16:00:00
219.96,3792.03,3829,594,100,1,3235,594,370.73,2023-10-11 17:00:00
243.58,4170.07,4211,619,100,1,3592,619,367.36,2023-10-11 18:00:00
272.14,4691.62,4738,624,100,1,4114,624,367.82,2023-10-11 19:00:00
268.7,4600.14,4641,612,100,1,4029,612,366.82,2023-10-11 20:00:00
243.51,4198.14,4240,499,100,1,3741,499,368.77,2023-10-11 21:00:00
223.43,3825.18,3863,544,100,1,3319,544,368.89,2023-10-11 22:00:00
191.53,3302.02,3336,515,100,1,2821,515,370.75,2023-10-11 23:00:00
190.45,3260.44,3289,465,100,1,2824,465,370.9,2023-10-12 00:00:00
193.42,3334.63,3371,458,100,1,2913,458,372.92,2023-10-12 01:00:00
205.81,3523.4,3556,501,100,1,3055,501,372.27,2023-10-12 02:00:00
218.16,3761.04,3800,550,100,1,3250,550,374.1,2023-10-12 03:00:00
216.83,3712.16,3747,628,100,1,3119,628,373.65,2023-10-12 04:00:00
227.55,3922.98,3965,744,93,1,3221,744,375.83,2023-10-12 05:00:00
256.05,4383.5,4425,865,100,1,3560,865,375.69,2023-10-12 06:00:00
282.14,4864.18,4912,1108,100,1,3804,1108,378.71,2023-10-12 07:00:00
305.46,5229.54,5282,1138,100,1,4144,1138,377.73,2023-10-12 08:00:00
313.25,5400.45,5455,1308,100,1,4147,1308,379.38,2023-10-12 09:00:00
344.22,5893.05,5946,1414,100,1,4532,1414,375.69,2023-10-12 10:00:00
361.26,6228.18,6294,1454,100,1,4840,1454,379.48,2023-10-12 11:00:00
398.43,6821.11,6882,1660,100,1,5222,1660,374.63,2023-10-12 12:00:00
342.86,5910.83,5968,1450,100,1,4518,1450,377.46,2023-10-12 13:00:00
300.7,5148.06,5197,1152,100,1,4045,1152,376.57,2023-10-12 14:00:00
263.43,4541.6,4590,1053,100,1,3537,1053,380.89,2023-10-12 15:00:00
226.68,3880.8,3915,945,100,1,2970,945,377.69,2023-10-12 16:00:00
172.9,2980.88,3012,617,100,1,2395,617,380.36,2023-10-12 17:00:00
179.18,3067.64,3095,475,100,1,2620,475,376.37,2023-10-12 18:00:00
165.45,2852.44,2882,436,100,1,2446,436,381.94,2023-10-12 19:00:00
153.9,2634.85,2660,439,100,1,2221,439,380.47,2023-10-12 20:00:00
146.44,2524.61,2551,437,100,1,2114,437,380.87,2023-10-12 21:00:00
145.44,2489.85,2512,343,100,1,2169,343,375.17,2023-10-12 22:00:00
143.49,2473.84,2500,358,93,1,2142,358,377.67,2023-10-12 23:00:00
131.72,2255.02,2275,251,100,1,2024,251,373.75,2023-10-13 00:00:00
125.17,2157.97,2180,227,100,1,1953,227,375.58,2023-10-13 01:00:00
112.75,1930.23,1951,233,100,1,1718,233,371.41,2023-10-13 02:00:00
127.54,2198.7,2221,287,100,1,1934,287,375.92,2023-10-13 03:00:00
127.71,2186.32,2207,285,100,1,1922,285,371.98,2023-10-13 04:00:00
147.32,2539.82,2562,478,100,1,2084,478,377.19,2023-10-13 05:00:00
154.14,2638.84,2662,660,100,1,2002,660,372.45,2023-10-13 06:00:00
150.32,2591.47,2615,513,100,1,2102,513,373.64,2023-10-13 07:00:00
147.73,2529.12,2553,506,100,1,2047,506,368.13,2023-10-13 08:00:00
148.17,2554.48,2580,442,100,1,2138,442,369.71,2023-10-13 09:00:00
149.01,2551.11,2574,436,100,1,2138,436,365.55,2023-10-13 10:00:00
147.87,2549.32,2576,441,100,1,2135,441,368.22,2023-10-13 11:00:00
156.96,2687.07,2712,464,100,1,2248,464,364.39,2023-10-13 12:00:00
159.3,2746.38,2772,494,100,1,2278,494,368.94,2023-10-13 13:00:00
166.41,2848.88,2873,659,100,1,2214,659,367.2,2023-10-13 14:00:00
232.22,4003.47,4042,1101,100,1,2941,1101,374.35,2023-10-13 15:00:00
241.29,4130.94,4169,1326,100,1,2843,1326,372.49,2023-10-13 16:00:00
256.4,4420.32,4462,1360,100,1,3102,1360,377.51,2023-10-13 17:00:00
257.63,4410.61,4453,1369,100,1,3084,1369,374.79,2023-10-13 18:00:00
249.82,4306.86,4351,1224,100,1,3127,1224,378.1,2023-10-13 19:00:00
224.12,3836.88,3871,994,100,1,2877,994,374.57,2023-10-13 20:00:00
190.63,3286.46,3319,770,100,1,2549,770,377.59,2023-10-13 21:00:00
228.88,3918.38,3953,835,100,1,3118,835,375.59,2023-10-13 22:00:00
227.81,3927.37,3968,881,100,1,3087,881,379.82,2023-10-13 23:00:00
199.43,3414.24,3447,771,100,1,2676,771,376.72,2023-10-14 00:00:00
191.97,3309.65,3340,852,100,1,2488,852,380.3,2023-10-14 01:00:00
186.92,3200.04,3230,743,93,1,2487,743,377.08,2023-10-14 02:00:00
182.57,3147.51,3179,574,100,1,2605,574,380.25,2023-10-14 03:00:00
175.96,3012.52,3040,566,100,1,2474,566,376.56,2023-10-14 04:00:00
170.82,2945.0,2976,614,100,1,2362,614,379.56,2023-10-14 05:00:00
186.66,3195.61,3228,724,100,1,2504,724,376.56,2023-10-14 06:00:00
199.2,3434.15,3471,856,100,1,2615,856,378.49,2023-10-14 07:00:00
200.14,3426.46,3459,757,100,1,2702,757,372.98,2023-10-14 08:00:00
182.95,3154.12,3185,690,100,1,2495,690,376.89,2023-10-14 09:00:00
202.27,3462.91,3496,812,100,1,2684,812,373.21,2023-10-14 10:00:00
199.39,3437.53,3470,707,100,1,2763,707,376.9,2023-10-14 11:00:00
226.2,3872.47,3908,791,100,1,3117,791,373.77,2023-10-14 12:00:00
240.72,4150.04,4194,1046,100,1,3148,1046,377.47,2023-10-14 13:00:00
242.6,4153.23,4193,1061,100,1,3132,1061,374.13,2023-10-14 14:00:00
255.43,4403.54,4448,985,100,1,3463,985,378.4,2023-10-14 15:00:00
269.1,4606.94,4647,1037,100,1,3610,1037,374.58,2023-10-14 16:00:00
267.45,4610.92,4659,957,100,1,3702,957,379.01,2023-10-14 17:00:00
261.01,4468.53,4507,823,100,1,3684,823,375.52,2023-10-14 18:00:00
288.33,4970.8,5021,825,100,1,4196,825,378.87,2023-10-14 19:00:00
219.93,3765.2,3797,678,100,1,3119,678,374.77,2023-10-14 20:00:00
212.25,3659.12,3693,605,100,1,3088,605,380.26,2023-10-14 21:00:00
213.45,3654.24,3690,610,100,1,3080,610,377.38,2023-10-14 22:00:00
211.87,3652.68,3692,644,100,1,3048,644,381.73,2023-10-14 23:00:00
216.89,3713.07,3749,626,100,1,3123,626,378.23,2023-10-15 00:00:00
228.23,3934.61,3975,617,95,1,3358,617,382.32,2023-10-15 01:00:00
219.5,3757.86,3795,647,100,1,3148,647,379.59,2023-10-15 02:00:00
236.98,4085.49,4127,662,100,1,3465,662,383.49,2023-10-15 03:00:00
238.41,4081.52,4119,718,100,1,3401,718,379.73,2023-10-15 04:00:00
245.28,4228.69,4271,772,100,1,3499,772,384.63,2023-10-15 05:00:00
234.11,4007.98,4042,825,100,1,3217,825,377.46,2023-10-15 06:00:00
163.81,2824.06,2849,671,100,1,2178,671,376.54,2023-10-15 07:00:00
151.47,2593.14,2617,688,100,1,1929,688,372.59,2023-10-15 08:00:00
170.82,2944.93,2974,848,100,1,2126,848,377.72,2023-10-15 09:00:00
171.32,2933.06,2961,803,100,1,2158,803,374.29,2023-10-15 10:00:00
197.7,3408.37,3444,911,100,1,2533,911,377.55,2023-10-15 11:00:00
197.55,3382.03,3415,866,100,1,2549,866,372.59,2023-10-15 12:00:00
186.71,3218.86,3250,866,100,1,2384,866,376.19,2023-10-15 13:00:00
176.73,3025.59,3052,635,100,1,2417,635,372.13,2023-10-15 14:00:00
151.3,2608.35,2634,517,100,1,2117,517,375.54,2023-10-15 15:00:00
174.3,2983.99,3009,628,100,1,2381,628,372.35,2023-10-15 16:00:00
188.7,3253.15,3286,736,100,1,2550,736,377.3,2023-10-15 17:00:00
192.91,3302.7,3332,832,100,1,2500,832,375.0,2023-10-15 18:00:00
209.17,3606.17,3641,764,100,1,2877,764,379.79,2023-10-15 19:00:00
181.21,3102.34,3129,551,100,1,2578,551,377.36,2023-10-15 20:00:00
155.74,2684.88,2712,503,100,1,2209,503,381.51,2023-10-15 21:00:00
170.34,2916.25,2940,557,100,1,2383,557,377.06,2023-10-15 22:00:00
162.0,2792.92,2822,519,100,1,2303,519,380.43,2023-10-15 23:00:00
160.89,2754.49,2780,446,100,1,2334,446,376.72,2023-10-16 00:00:00
179.64,3097.07,3129,661,100,1,2468,661,380.59,2023-10-16 01:00:00
174.98,2995.63,3024,668,93,1,2356,668,379.25,2023-10-16 02:00:00
176.75,3047.21,3076,653,100,1,2423,653,383.98,2023-10-16 03:00:00
183.84,3147.37,3176,673,100,1,2503,673,382.09,2023-10-16 04:00:00
200.91,3463.64,3499,922,100,1,2577,922,387.3,2023-10-16 05:00:00
207.31,3549.14,3583,1214,100,1,2369,1214,386.28,2023-10-16 06:00:00
210.61,3630.88,3671,1219,100,1,2452,1219,387.84,2023-10-16 07:00:00
199.75,3419.72,3447,1213,100,1,2234,1213,382.57,2023-10-16 08:00:00
209.56,3612.85,3647,1422,100,1,2225,1422,386.01,2023-10-16 09:00:00
201.1,3442.9,3475,1135,100,1,2340,1135,380.63,2023-10-16 10:00:00
196.39,3385.8,3419,1232,100,1,2187,1232,383.59,2023-10-16 11:00:00
228.73,3915.93,3955,1445,100,1,2510,1445,381.83,2023-10-16 12:00:00
245.34,4229.58,4275,1696,100,1,2579,1696,384.58,2023-10-16 13:00:00
224.88,3849.87,3889,1454,100,1,2435,1454,381.52,2023-10-16 14:00:00
208.85,3600.52,3639,1257,100,1,2382,1257,385.35,2023-10-16 15:00:00
204.84,3506.93,3540,1283,100,1,2257,1283,384.26,2023-10-16 16:00:00
278.06,4793.76,4842,1963,100,1,2879,1963,389.71,2023-10-16 17:00:00
531.23,9094.64,9182,4730,93,1,4452,4730,386.7,2023-10-16 18:00:00
302.04,5207.13,5259,1453,100,1,3806,1453,387.98,2023-10-16 19:00:00
226.19,3872.4,3907,976,100,1,2931,976,381.52,2023-10-16 20:00:00
198.97,3430.26,3466,819,100,1,2647,819,382.51,2023-10-16 21:00:00
179.64,3075.39,3100,607,100,1,2493,607,377.06,2023-10-16 22:00:00
170.76,2943.89,2971,462,100,1,2509,462,378.14,2023-10-16 23:00:00
189.3,3240.87,3269,452,100,1,2817,452,374.51,2023-10-17 00:00:00
212.32,3660.36,3697,570,100,1,3127,570,376.41,2023-10-17 01:00:00
155.84,2668.0,2691,318,100,1,2373,318,372.61,2023-10-17 02:00:00
149.29,2573.84,2598,321,100,1,2277,321,375.57,2023-10-17 03:00:00
145.67,2493.82,2516,348,100,1,2168,348,373.13,2023-10-17 04:00:00
148.35,2557.51,2582,502,100,1,2080,502,377.48,2023-10-17 05:00:00
160.83,2753.43,2778,608,100,1,2170,608,375.64,2023-10-17 06:00:00
165.25,2848.96,2878,585,100,1,2293,585,378.19,2023-10-17 07:00:00
163.51,2799.35,2824,529,100,1,2295,529,368.51,2023-10-17 08:00:00
142.37,2454.49,2478,472,100,1,2006,472,375.59,2023-10-17 09:00:00
159.12,2724.15,2750,518,100,1,2232,518,369.8,2023-10-17 10:00:00
145.97,2516.45,2541,390,100,1,2151,390,373.7,2023-10-17 11:00:00
161.0,2756.26,2783,544,100,1,2239,544,369.18,2023-10-17 12:00:00
155.42,2679.36,2707,517,100,1,2190,517,372.63,2023-10-17 13:00:00
155.6,2663.84,2691,582,100,1,2109,582,368.88,2023-10-17 14:00:00
134.84,2324.64,2347,469,100,1,1878,469,373.88,2023-10-17 15:00:00
147.02,2516.96,2539,462,100,1,2077,462,371.2,2023-10-17 16:00:00
142.06,2449.09,2472,397,100,1,2075,397,373.91,2023-10-17 17:00:00
140.01,2397.02,2419,327,100,1,2092,327,369.14,2023-10-17 18:00:00
149.94,2584.99,2612,307,100,1,2305,307,372.4,2023-10-17 19:00:00
141.5,2422.49,2446,260,100,1,2186,260,368.73,2023-10-17 20:00:00
129.2,2227.41,2251,193,100,1,2058,193,371.61,2023-10-17 21:00:00
117.48,2011.27,2031,171,100,1,1860,171,368.3,2023-10-17 22:00:00
126.18,2175.29,2198,170,93,1,2028,170,371.62,2023-10-17 23:00:00
122.52,2097.54,2117,189,100,1,1928,189,368.84,2023-10-18 00:00:00
120.47,2076.85,2099,245,100,1,1854,245,372.27,2023-10-18 01:00:00
127.95,2190.56,2211,200,100,1,2011,200,369.87,2023-10-18 02:00:00
151.98,2620.11,2646,353,100,1,2293,353,375.8,2023-10-18 03:00:00
151.45,2592.82,2615,487,100,1,2128,487,373.42,2023-10-18 04:00:00
157.66,2718.12,2743,542,100,1,2201,542,377.91,2023-10-18 05:00:00
175.75,3008.82,3038,778,100,1,2260,778,375.62,2023-10-18 06:00:00
191.66,3304.29,3337,946,100,1,2391,946,378.52,2023-10-18 07:00:00
199.44,3414.43,3446,1032,100,1,2414,1032,373.65,2023-10-18 08:00:00
192.63,3320.9,3356,782,100,1,2574,782,376.23,2023-10-18 09:00:00
197.68,3384.28,3420,965,100,1,2455,965,371.72,2023-10-18 10:00:00
179.03,3086.53,3119,804,100,1,2315,804,375.24,2023-10-18 11:00:00
198.96,3406.24,3438,724,100,1,2714,724,371.34,2023-10-18 12:00:00
177.33,3057.22,3087,663,100,1,2424,663,374.74,2023-10-18 13:00:00
167.98,2875.85,2904,713,100,1,2191,713,371.41,2023-10-18 14:00:00
209.26,3607.66,3643,1165,100,1,2478,1165,378.32,2023-10-18 15:00:00
226.13,3871.42,3910,1494,100,1,2416,1494,377.73,2023-10-18 16:00:00
222.69,3839.2,3880,1367,100,1,2513,1367,381.85,2023-10-18 17:00:00
208.04,3561.57,3599,942,100,1,2657,942,376.3,2023-10-18 18:00:00
202.07,3483.6,3516,707,100,1,2809,707,379.39,2023-10-18 19:00:00
190.85,3267.28,3301,691,100,1,2610,691,374.11,2023-10-18 20:00:00
183.92,3170.72,3202,645,100,1,2557,645,376.82,2023-10-18 21:00:00
196.55,3364.93,3397,697,100,1,2700,697,373.17,2023-10-18 22:00:00
216.93,3739.86,3778,774,100,1,3004,774,377.32,2023-10-18 23:00:00
185.81,3180.98,3212,676,100,1,2536,676,373.53,2023-10-19 00:00:00
176.95,3050.58,3083,586,100,1,2497,586,377.4,2023-10-19 01:00:00
166.53,2850.94,2876,564,93,1,2312,564,372.89,2023-10-19 02:00:00
158.07,2725.07,2750,505,100,1,2245,505,376.36,2023-10-19 03:00:00
155.08,2655.0,2679,490,100,1,2189,490,372.5,2023-10-19 04:00:00
152.14,2622.94,2651,608,100,1,2043,608,376.52,2023-10-19 05:00:00
165.64,2835.71,2863,837,100,1,2026,837,375.04,2023-10-19 06:00:00
177.85,3066.15,3099,1063,100,1,2036,1063,379.64,2023-10-19 07:00:00
183.74,3145.57,3174,1024,100,1,2150,1024,376.48,2023-10-19 08:00:00
181.21,3124.12,3154,1086,100,1,2068,1086,379.36,2023-10-19 09:00:00
209.35,3584.0,3622,1399,100,1,2223,1399,375.63,2023-10-19 10:00:00
177.77,3064.81,3095,966,100,1,2129,966,378.74,2023-10-19 11:00:00
188.93,3234.45,3266,1391,100,1,1875,1391,378.34,2023-10-19 12:00:00
193.65,3338.57,3372,1344,100,1,2028,1344,382.71,2023-10-19 13:00:00
209.85,3592.7,3626,1543,100,1,2083,1543,380.43,2023-10-19 14:00:00
234.84,4048.65,4090,1722,100,1,2368,1722,381.09,2023-10-19 15:00:00
258.11,4418.86,4457,2096,100,1,2361,2096,395.11,2023-10-19 16:00:00
255.8,4409.94,4457,1947,100,1,2510,1947,404.87,2023-10-19 17:00:00
298.9,5117.14,5168,2697,93,1,2471,2697,399.01,2023-10-19 18:00:00
214.45,3697.07,3733,1548,100,1,2185,1548,393.49,2023-10-19 19:00:00
219.32,3754.81,3791,1413,100,1,2378,1413,384.79,2023-10-19 20:00:00
207.39,3575.38,3611,1084,100,1,2527,1084,384.5,2023-10-19 21:00:00
195.98,3355.12,3386,1224,100,1,2162,1224,382.39,2023-10-19 22:00:00
202.09,3484.03,3520,1244,100,1,2276,1244,386.83,2023-10-19 23:00:00
215.48,3688.98,3726,1225,100,1,2501,1225,384.67,2023-10-20 00:00:00
188.1,3242.9,3275,1208,100,1,2067,1208,389.8,2023-10-20 01:00:00
195.51,3347.09,3379,1244,100,1,2135,1244,390.02,2023-10-20 02:00:00
179.92,3101.86,3135,1158,100,1,1977,1158,392.56,2023-10-20 03:00:00
178.78,3060.75,3088,981,100,1,2107,981,387.79,2023-10-20 04:00:00
166.48,2870.07,2899,890,100,1,2009,890,389.45,2023-10-20 05:00:00
163.31,2795.86,2819,1006,100,1,1813,1006,384.19,2023-10-20 06:00:00
214.63,3700.21,3735,1550,100,1,2185,1550,385.14,2023-10-20 07:00:00
208.44,3568.5,3604,1509,100,1,2095,1509,386.3,2023-10-20 08:00:00
231.64,3993.4,4034,1858,100,1,2176,1858,390.27,2023-10-20 09:00:00
225.19,3855.2,3891,1349,93,1,2542,1349,387.26,2023-10-20 10:00:00
233.36,4023.21,4062,1197,100,1,2865,1197,389.51,2023-10-20 11:00:00
202.45,3465.94,3499,1156,100,1,2343,1156,385.21,2023-10-20 12:00:00
204.38,3523.49,3561,871,100,1,2690,871,385.7,2023-10-20 13:00:00
231.75,3967.5,4004,897,100,1,3107,897,381.32,2023-10-20 14:00:00
207.72,3581.06,3617,874,100,1,2743,874,384.7,2023-10-20 15:00:00
209.41,3585.16,3618,807,100,1,2811,807,381.36,2023-10-20 16:00:00
224.74,3874.45,3916,790,100,1,3126,790,383.95,2023-10-20 17:00:00
220.85,3780.87,3817,822,100,1,2995,822,378.61,2023-10-20 18:00:00
221.88,3825.16,3864,742,100,1,3122,742,383.18,2023-10-20 19:00:00
199.02,3407.17,3440,640,100,1,2800,640,380.41,2023-10-20 20:00:00
183.48,3163.14,3194,530,100,1,2664,530,383.01,2023-10-20 21:00:00
170.23,2914.37,2939,495,100,1,2444,495,380.03,2023-10-20 22:00:00
153.01,2637.82,2664,361,100,1,2303,361,383.28,2023-10-20 23:00:00
161.59,2766.34,2795,451,100,1,2344,451,380.87,2023-10-21 00:00:00
200.61,3458.54,3495,1325,100,1,2170,1325,383.64,2023-10-21 01:00:00
136.51,2337.01,2358,340,100,1,2018,340,379.53,2023-10-21 02:00:00
138.05,2380.05,2403,400,100,1,2003,400,381.32,2023-10-21 03:00:00
143.46,2456.02,2477,377,100,1,2100,377,377.39,2023-10-21 04:00:00
151.9,2618.7,2643,507,100,1,2136,507,380.96,2023-10-21 05:00:00
155.78,2666.87,2691,585,100,1,2106,585,377.32,2023-10-21 06:00:00
173.76,2995.68,3024,627,100,1,2397,627,382.9,2023-10-21 07:00:00
163.09,2792.1,2816,517,100,1,2299,517,380.81,2023-10-21 08:00:00
169.08,2914.91,2941,574,100,1,2367,574,385.0,2023-10-21 09:00:00
209.66,3589.39,3623,803,100,1,2820,803,380.63,2023-10-21 10:00:00
201.65,3476.4,3511,1100,93,1,2411,1100,381.62,2023-10-21 11:00:00
161.29,2761.21,2783,661,100,1,2122,661,379.43,2023-10-21 12:00:00
199.68,3442.55,3474,831,100,1,2643,831,382.95,2023-10-21 13:00:00
222.49,3808.98,3843,940,100,1,2903,940,380.26,2023-10-21 14:00:00
204.19,3520.29,3556,993,100,1,2563,993,382.94,2023-10-21 15:00:00
238.05,4075.4,4110,1210,100,1,2900,1210,380.9,2023-10-21 16:00:00
244.61,4217.15,4261,1287,100,1,2974,1287,386.94,2023-10-21 17:00:00
273.45,4681.49,4722,1847,100,1,2875,1847,386.91,2023-10-21 18:00:00
369.11,6363.49,6426,2622,100,1,3804,2622,399.61,2023-10-21 19:00:00
372.87,6383.59,6439,2731,100,1,3708,2731,401.1,2023-10-21 20:00:00
363.43,6265.46,6329,2643,100,1,3686,2643,407.73,2023-10-21 21:00:00
351.52,6017.94,6077,2541,100,1,3536,2541,405.59,2023-10-21 22:00:00
359.11,6191.06,6251,2478,93,1,3773,2478,413.2,2023-10-21 23:00:00
398.54,6823.05,6892,3059,100,1,3833,3059,407.57,2023-10-22 00:00:00
372.01,6413.4,6476,2872,100,1,3604,2872,409.03,2023-10-22 01:00:00
293.03,5016.63,5064,1832,100,1,3232,1832,400.54,2023-10-22 02:00:00
210.74,3633.17,3669,940,100,1,2729,940,394.69,2023-10-22 03:00:00
237.15,4060.05,4100,1207,100,1,2893,1207,385.15,2023-10-22 04:00:00
219.62,3786.26,3822,816,100,1,3006,816,385.5,2023-10-22 05:00:00
219.62,3786.26,3822,816,100,1,3006,816,385.5,2023-10-22 05:00:00
219.62,3786.26,3822,816,100,1,3006,816,385.5,2023-10-22 05:00:00
219.62,3786.26,3822,816,100,1,3006,816,385.5,2023-10-22 05:00:00
219.62,3786.26,3822,816,100,1,3006,816,385.5,2023-10-22 05:00:00
208.82,3574.99,3606,751,100,1,2855,751,378.44,2023-10-22 06:00:00
205.69,3546.14,3584,906,100,1,2678,906,384.91,2023-10-22 07:00:00
190.55,3262.16,3293,992,100,1,2301,992,384.32,2023-10-22 08:00:00
249.71,4304.94,4348,1479,100,1,2869,1479,391.82,2023-10-22 09:00:00
255.58,4375.47,4415,1554,93,1,2861,1554,388.75,2023-10-22 10:00:00
256.8,4427.23,4471,1403,100,1,3068,1403,390.7,2023-10-22 11:00:00
253.1,4333.03,4370,1203,100,1,3167,1203,386.17,2023-10-22 12:00:00
254.35,4384.93,4431,1288,100,1,3143,1288,388.21,2023-10-22 13:00:00
249.4,4269.81,4309,1151,100,1,3158,1151,385.38,2023-10-22 14:00:00
250.69,4321.98,4369,1162,100,1,3207,1162,389.65,2023-10-22 15:00:00
233.15,3991.47,4031,948,100,1,3083,948,387.26,2023-10-22 16:00:00
245.84,4238.34,4282,1005,100,1,3277,1005,390.65,2023-10-22 17:00:00
242.14,4145.41,4186,1030,100,1,3156,1030,386.33,2023-10-22 18:00:00
237.83,4100.21,4141,942,100,1,3199,942,389.31,2023-10-22 19:00:00
223.06,3818.85,3857,833,100,1,3024,833,384.9,2023-10-22 20:00:00
215.48,3714.89,3755,810,100,1,2945,810,389.95,2023-10-22 21:00:00
238.69,4086.35,4125,997,100,1,3128,997,388.03,2023-10-22 22:00:00
203.69,3511.54,3546,817,100,1,2729,817,391.04,2023-10-22 23:00:00
181.62,3109.33,3142,701,100,1,2441,701,388.59,2023-10-23 00:00:00
180.87,3118.23,3152,704,100,1,2448,704,392.12,2023-10-23 01:00:00
159.05,2723.02,2752,618,100,1,2134,618,389.9,2023-10-23 02:00:00
166.18,2864.99,2895,629,100,1,2266,629,394.05,2023-10-23 03:00:00
165.96,2841.22,2872,781,93,1,2091,781,392.21,2023-10-23 04:00:00
160.69,2770.22,2801,927,100,1,1874,927,397.58,2023-10-23 05:00:00
187.23,3205.4,3234,1417,100,1,1817,1417,399.27,2023-10-23 06:00:00
326.35,5626.35,5685,2341,100,1,3344,2341,402.08,2023-10-23 07:00:00
352.21,6029.78,6084,2734,100,1,3350,2734,409.38,2023-10-23 08:00:00
310.11,5346.27,5403,3058,100,1,2345,3058,413.39,2023-10-23 09:00:00
319.4,5468.15,5521,3221,100,1,2300,3221,409.92,2023-10-23 10:00:00
368.12,6346.38,6411,4264,100,1,2147,4264,414.59,2023-10-23 11:00:00
387.7,6637.47,6704,4464,93,1,2240,4464,413.56,2023-10-23 12:00:00
436.96,7533.22,7607,5233,100,1,2374,5233,423.72,2023-10-23 13:00:00
430.88,7376.64,7454,4849,100,1,2605,4849,422.64,2023-10-23 14:00:00
409.16,7053.96,7128,4181,100,1,2947,4181,428.71,2023-10-23 15:00:00
355.85,6092.14,6148,3478,93,1,2670,3478,419.03,2023-10-23 16:00:00
207.27,3573.31,3610,1436,100,1,2174,1436,415.46,2023-10-23 17:00:00
159.83,2736.28,2762,898,100,1,1864,898,404.46,2023-10-23 18:00:00
151.24,2607.36,2632,641,100,1,1991,641,402.95,2023-10-23 19:00:00
143.03,2448.73,2471,535,100,1,1936,535,393.82,2023-10-23 20:00:00
134.78,2323.53,2346,405,100,1,1941,405,394.35,2023-10-23 21:00:00
133.02,2277.25,2298,429,100,1,1869,429,389.59,2023-10-23 22:00:00
133.24,2297.14,2321,414,100,1,1907,414,391.3,2023-10-23 23:00:00
136.98,2345.1,2365,377,100,1,1988,377,386.49,2023-10-24 00:00:00
155.14,2674.58,2702,413,100,1,2289,413,388.5,2023-10-24 01:00:00
141.37,2420.29,2444,423,100,1,2021,423,384.83,2023-10-24 02:00:00
150.23,2589.97,2614,517,100,1,2097,517,388.34,2023-10-24 03:00:00
170.18,2913.49,2938,608,100,1,2330,608,385.18,2023-10-24 04:00:00
208.37,3592.38,3630,874,100,1,2756,874,389.57,2023-10-24 05:00:00
266.29,4558.89,4596,1288,100,1,3308,1288,388.14,2023-10-24 06:00:00
253.63,4372.5,4417,1448,100,1,2969,1448,391.67,2023-10-24 07:00:00
222.67,3812.19,3845,1302,100,1,2543,1302,387.23,2023-10-24 08:00:00
234.85,4048.81,4092,1379,100,1,2713,1379,392.8,2023-10-24 09:00:00
201.28,3445.97,3478,1242,100,1,2236,1242,387.18,2023-10-24 10:00:00
191.94,3308.96,3342,977,100,1,2365,977,387.94,2023-10-24 11:00:00
203.42,3482.49,3514,861,100,1,2653,861,381.82,2023-10-24 12:00:00
194.46,3352.43,3385,904,100,1,2481,904,382.36,2023-10-24 13:00:00
164.15,2810.28,2838,782,100,1,2056,782,376.22,2023-10-24 14:00:00
149.8,2582.51,2609,640,93,1,1969,640,377.81,2023-10-24 15:00:00
146.24,2503.7,2525,507,100,1,2018,507,372.93,2023-10-24 16:00:00
151.11,2605.18,2632,456,100,1,2176,456,373.83,2023-10-24 17:00:00
149.63,2561.63,2583,368,100,1,2215,368,367.8,2023-10-24 18:00:00
152.7,2632.6,2659,386,100,1,2273,386,374.08,2023-10-24 19:00:00
137.51,2354.24,2376,277,100,1,2099,277,370.27,2023-10-24 20:00:00
144.88,2497.7,2522,296,100,1,2226,296,374.75,2023-10-24 21:00:00
132.13,2262.15,2284,242,100,1,2042,242,371.04,2023-10-24 22:00:00
133.33,2298.63,2321,220,100,1,2101,220,375.83,2023-10-24 23:00:00
147.75,2529.49,2555,379,100,1,2176,379,372.67,2023-10-25 00:00:00
142.22,2451.88,2476,368,100,1,2108,368,375.28,2023-10-25 01:00:00
124.99,2139.87,2159,177,100,1,1982,177,371.74,2023-10-25 02:00:00
132.21,2279.26,2302,239,100,1,2063,239,375.28,2023-10-25 03:00:00
136.8,2342.07,2364,299,100,1,2065,299,372.26,2023-10-25 04:00:00
136.6,2355.07,2378,333,100,1,2045,333,378.31,2023-10-25 05:00:00
140.13,2398.98,2421,504,100,1,1917,504,374.49,2023-10-25 06:00:00
169.08,2914.98,2942,651,100,1,2291,651,377.87,2023-10-25 07:00:00
208.14,3563.33,3591,777,100,1,2814,777,367.97,2023-10-25 08:00:00
210.29,3625.46,3657,903,100,1,2754,903,372.33,2023-10-25 09:00:00
208.76,3573.91,3606,1056,100,1,2550,1056,380.81,2023-10-25 10:00:00
222.26,3831.7,3870,1132,100,1,2738,1132,384.68,2023-10-25 11:00:00
209.62,3588.77,3623,1070,100,1,2553,1070,378.21,2023-10-25 12:00:00
205.99,3551.25,3587,1114,100,1,2473,1114,380.14,2023-10-25 13:00:00
200.32,3429.41,3461,1086,100,1,2375,1086,375.7,2023-10-25 14:00:00
209.73,3615.66,3648,1082,100,1,2566,1082,379.87,2023-10-25 15:00:00
207.59,3554.01,3594,1016,100,1,2578,1016,377.79,2023-10-25 16:00:00
219.72,3788.02,3825,1094,100,1,2731,1094,381.95,2023-10-25 17:00:00
198.85,3404.36,3435,1010,100,1,2425,1010,377.16,2023-10-25 18:00:00
187.54,3233.11,3267,785,100,1,2482,785,378.02,2023-10-25 19:00:00
165.59,2834.91,2862,502,100,1,2360,502,373.87,2023-10-25 20:00:00
147.29,2539.3,2564,415,100,1,2149,415,376.55,2023-10-25 21:00:00
126.06,2158.16,2177,292,100,1,1885,292,370.87,2023-10-25 22:00:00
142.8,2461.92,2485,318,100,1,2167,318,373.44,2023-10-25 23:00:00
140.0,2396.82,2418,301,100,1,2117,301,371.12,2023-10-26 00:00:00
147.28,2539.14,2564,272,100,1,2292,272,373.45,2023-10-26 01:00:00
144.0,2465.33,2487,253,93,1,2234,253,370.58,2023-10-26 02:00:00
141.32,2436.44,2460,250,100,1,2210,250,374.13,2023-10-26 03:00:00
144.01,2465.42,2487,280,100,1,2207,280,371.88,2023-10-26 04:00:00
143.22,2469.07,2493,319,100,1,2174,319,374.4,2023-10-26 05:00:00
182.4,3122.75,3150,415,100,1,2735,415,371.62,2023-10-26 06:00:00
215.3,3711.8,3747,502,100,1,3245,502,377.41,2023-10-26 07:00:00
231.68,3966.35,4002,555,100,1,3447,555,373.01,2023-10-26 08:00:00
387.03,6672.35,6743,596,100,1,6147,596,375.45,2023-10-26 09:00:00
269.76,4618.25,4663,609,100,1,4054,609,376.36,2023-10-26 10:00:00
218.89,3773.72,3812,538,100,1,3274,538,379.43,2023-10-26 11:00:00
212.19,3632.74,3669,646,100,1,3023,646,374.96,2023-10-26 12:00:00
248.28,4280.38,4324,768,100,1,3556,768,377.12,2023-10-26 13:00:00
274.13,4693.12,4731,747,100,1,3984,747,375.02,2023-10-26 14:00:00
274.13,4693.12,4731,747,100,1,3984,747,375.02,2023-10-26 14:00:00
274.13,4693.12,4731,747,100,1,3984,747,375.02,2023-10-26 14:00:00
363.92,6273.99,6350,453,100,1,5897,453,379.53,2023-10-26 17:00:00
195.72,3350.67,3386,422,100,1,2964,422,373.35,2023-10-26 18:00:00
308.12,5312.07,5366,381,100,1,4985,381,376.12,2023-10-26 19:00:00
166.16,2844.69,2874,366,100,1,2508,366,374.44,2023-10-26 20:00:00
166.42,2869.11,2901,474,100,1,2427,474,379.01,2023-10-26 21:00:00
160.01,2739.43,2764,393,100,1,2371,393,377.45,2023-10-26 22:00:00
180.9,3118.74,3151,437,100,1,2714,437,379.14,2023-10-26 23:00:00
179.0,3064.53,3094,535,100,1,2559,535,378.81,2023-10-27 00:00:00
176.96,3050.83,3083,504,100,1,2579,504,380.14,2023-10-27 01:00:00
169.47,2901.36,2930,523,100,1,2407,523,379.25,2023-10-27 02:00:00
185.05,3190.31,3225,494,100,1,2731,494,380.88,2023-10-27 03:00:00
179.36,3070.7,3100,474,100,1,2626,474,378.27,2023-10-27 04:00:00
171.74,2960.84,2993,545,100,1,2448,545,378.85,2023-10-27 05:00:00
175.15,2998.63,3026,556,100,1,2470,556,376.83,2023-10-27 06:00:00
210.27,3625.0,3661,714,100,1,2947,714,378.94,2023-10-27 07:00:00
193.16,3306.83,3331,838,100,1,2493,838,374.05,2023-10-27 08:00:00
180.79,3116.76,3146,803,100,1,2343,803,379.24,2023-10-27 09:00:00
189.63,3246.48,3278,861,100,1,2417,861,376.38,2023-10-27 10:00:00
173.76,2995.66,3024,841,100,1,2183,841,380.65,2023-10-27 11:00:00
175.22,2999.83,3026,846,100,1,2180,846,379.47,2023-10-27 12:00:00
183.12,3156.97,3191,995,100,1,2196,995,384.33,2023-10-27 13:00:00
170.9,2925.74,2952,981,100,1,1971,981,381.32,2023-10-27 14:00:00
192.83,3324.42,3359,965,100,1,2394,965,387.24,2023-10-27 15:00:00
187.16,3204.18,3233,1027,100,1,2206,1027,386.01,2023-10-27 16:00:00
175.02,3017.34,3048,878,100,1,2170,878,389.13,2023-10-27 17:00:00
172.54,2953.86,2982,996,100,1,1986,996,385.54,2023-10-27 18:00:00
198.04,3414.28,3449,858,95,1,2591,858,389.79,2023-10-27 19:00:00
180.71,3093.7,3121,883,100,1,2238,883,384.64,2023-10-27 20:00:00
197.9,3411.88,3444,928,100,1,2516,928,387.52,2023-10-27 21:00:00
203.88,3490.36,3524,950,100,1,2574,950,384.57,2023-10-27 22:00:00
218.25,3762.64,3802,907,100,1,2895,907,388.14,2023-10-27 23:00:00
207.34,3549.61,3585,931,100,1,2654,931,385.26,2023-10-28 00:00:00
190.37,3281.99,3317,820,100,1,2497,820,389.41,2023-10-28 01:00:00
179.39,3071.22,3098,817,100,1,2281,817,386.68,2023-10-28 02:00:00
182.83,3151.97,3184,968,100,1,2216,968,389.66,2023-10-28 03:00:00
167.43,2866.46,2892,867,100,1,2025,867,386.18,2023-10-28 04:00:00
174.1,3001.48,3031,1043,100,1,1988,1043,389.89,2023-10-28 05:00:00
176.53,3022.16,3051,1339,100,1,1712,1339,385.23,2023-10-28 06:00:00
201.54,3474.52,3509,1268,100,1,2241,1268,392.56,2023-10-28 07:00:00
219.34,3755.16,3790,1374,100,1,2416,1374,389.11,2023-10-28 08:00:00
220.41,3799.85,3839,1338,100,1,2501,1338,390.83,2023-10-28 09:00:00
189.97,3252.31,3282,1068,100,1,2214,1068,385.08,2023-10-28 10:00:00
183.44,3162.47,3194,924,100,1,2270,924,388.07,2023-10-28 11:00:00
184.72,3162.39,3193,874,100,1,2319,874,384.21,2023-10-28 12:00:00
177.81,3065.45,3098,808,100,1,2290,808,386.43,2023-10-28 13:00:00
172.03,2945.13,2973,781,95,1,2192,781,382.43,2023-10-28 14:00:00
179.33,3091.65,3124,718,100,1,2406,718,384.7,2023-10-28 15:00:00
188.02,3218.82,3250,773,100,1,2477,773,383.48,2023-10-28 16:00:00
188.57,3250.92,3286,728,100,1,2558,728,388.54,2023-10-28 17:00:00
171.22,2931.29,2956,741,100,1,2215,741,384.93,2023-10-28 18:00:00
158.54,2733.16,2760,592,100,1,2168,592,386.57,2023-10-28 19:00:00
149.78,2564.19,2587,607,100,1,1980,607,382.65,2023-10-28 20:00:00
149.72,2581.11,2605,527,100,1,2078,527,385.22,2023-10-28 21:00:00
129.32,2214.0,2233,352,100,1,1881,352,382.93,2023-10-28 22:00:00
133.19,2296.22,2317,354,100,1,1963,354,385.74,2023-10-28 23:00:00
143.81,2461.94,2483,352,100,1,2131,352,381.32,2023-10-29 00:00:00
121.76,2099.16,2121,258,100,1,1863,258,383.69,2023-10-29 01:00:00
109.24,1870.22,1887,204,100,1,1683,204,380.12,2023-10-29 02:00:00
121.87,2101.06,2120,217,100,1,1903,217,384.6,2023-10-29 03:00:00
134.95,2310.31,2331,411,100,1,1920,411,381.56,2023-10-29 04:00:00
123.62,2131.16,2152,370,100,1,1782,370,384.26,2023-10-29 05:00:00
132.69,2271.6,2290,418,100,1,1872,418,376.55,2023-10-29 06:00:00
155.4,2679.07,2706,453,100,1,2253,453,385.49,2023-10-29 07:00:00
155.38,2660.16,2684,539,100,1,2145,539,381.62,2023-10-29 08:00:00
171.04,2948.7,2978,574,100,1,2404,574,384.55,2023-10-29 09:00:00
167.6,2869.35,2894,593,100,1,2301,593,380.99,2023-10-29 10:00:00
182.74,3150.43,3180,729,100,1,2451,729,384.48,2023-10-29 11:00:00
211.05,3613.21,3642,962,100,1,2680,962,382.33,2023-10-29 12:00:00
209.44,3610.81,3647,949,100,1,2698,949,386.36,2023-10-29 13:00:00
196.64,3366.55,3397,901,100,1,2496,901,383.88,2023-10-29 14:00:00
229.17,3950.94,3993,1080,100,1,2913,1080,388.07,2023-10-29 15:00:00
203.73,3487.87,3519,795,100,1,2724,795,384.87,2023-10-29 16:00:00
195.18,3364.92,3397,794,100,1,2603,794,387.7,2023-10-29 17:00:00
216.99,3714.88,3750,785,100,1,2965,785,382.25,2023-10-29 18:00:00
237.78,4099.31,4141,687,93,1,3454,687,388.76,2023-10-29 19:00:00
181.01,3098.95,3129,676,100,1,2453,676,384.87,2023-10-29 20:00:00
165.37,2850.96,2880,552,100,1,2328,552,386.73,2023-10-29 21:00:00
148.95,2550.06,2575,475,100,1,2100,475,382.73,2023-10-29 22:00:00
143.78,2478.81,2506,434,100,1,2072,434,385.09,2023-10-29 23:00:00
150.71,2580.2,2603,390,100,1,2213,390,381.77,2023-10-30 00:00:00
132.82,2289.87,2313,466,100,1,1847,466,384.61,2023-10-30 01:00:00
152.78,2615.62,2639,444,100,1,2195,444,381.64,2023-10-30 02:00:00
156.75,2702.32,2730,540,100,1,2190,540,384.79,2023-10-30 03:00:00
157.17,2690.67,2716,681,100,1,2035,681,382.05,2023-10-30 04:00:00
151.4,2610.12,2638,686,100,1,1952,686,385.25,2023-10-30 05:00:00
154.98,2653.28,2681,772,100,1,1909,772,382.39,2023-10-30 06:00:00
145.66,2511.18,2539,667,100,1,1872,667,386.4,2023-10-30 07:00:00
166.3,2847.01,2873,690,100,1,2183,690,382.01,2023-10-30 08:00:00
155.94,2688.43,2715,743,100,1,1972,743,385.11,2023-10-30 09:00:00
182.49,3124.25,3154,1044,100,1,2110,1044,383.87,2023-10-30 10:00:00
185.78,3202.88,3238,1141,100,1,2097,1141,388.58,2023-10-30 11:00:00
211.49,3620.78,3656,1256,100,1,2400,1256,387.49,2023-10-30 12:00:00
234.11,4036.02,4082,1463,100,1,2619,1463,392.61,2023-10-30 13:00:00
279.24,4780.57,4828,1503,100,1,3325,1503,390.1,2023-10-30 14:00:00
297.73,5132.94,5189,1541,100,1,3648,1541,393.49,2023-10-30 15:00:00
295.72,5062.8,5107,1549,100,1,3558,1549,390.55,2023-10-30 16:00:00
291.61,5027.44,5074,1581,93,1,3493,1581,395.78,2023-10-30 17:00:00
356.94,6110.85,6163,1826,100,1,4337,1826,393.96,2023-10-30 18:00:00
374.97,6464.46,6528,2167,100,1,4361,2167,395.23,2023-10-30 19:00:00
342.62,5865.63,5920,1412,100,1,4508,1412,393.36,2023-10-30 20:00:00
301.5,5197.87,5251,1262,100,1,3989,1262,395.85,2023-10-30 21:00:00
258.98,4433.8,4471,865,100,1,3606,865,393.9,2023-10-30 22:00:00
223.96,3861.03,3898,706,100,1,3192,706,392.11,2023-10-30 23:00:00
190.64,3263.81,3291,523,100,1,2768,523,387.21,2023-10-31 00:00:00
186.18,3209.69,3243,518,100,1,2725,518,387.23,2023-10-31 01:00:00
168.9,2891.56,2917,598,100,1,2319,598,384.28,2023-10-31 02:00:00
184.76,3185.32,3216,638,100,1,2578,638,385.71,2023-10-31 03:00:00
200.64,3434.87,3469,778,100,1,2691,778,385.38,2023-10-31 04:00:00
223.89,3859.82,3900,1273,100,1,2627,1273,390.9,2023-10-31 05:00:00
247.31,4233.94,4269,1731,100,1,2538,1731,393.98,2023-10-31 06:00:00
294.24,5072.75,5123,2172,100,1,2951,2172,401.5,2023-10-31 07:00:00
324.7,5558.84,5609,2767,93,1,2842,2767,399.27,2023-10-31 08:00:00
310.09,5345.99,5401,2409,100,1,2992,2409,399.47,2023-10-31 09:00:00
276.97,4741.73,4785,1702,100,1,3083,1702,389.69,2023-10-31 10:00:00
250.07,4311.19,4352,1425,100,1,2927,1425,390.98,2023-10-31 11:00:00
312.72,5353.74,5398,2401,100,1,2997,2401,388.45,2023-10-31 12:00:00
347.21,5985.97,6053,2824,100,1,3229,2824,393.42,2023-10-31 13:00:00
304.99,5221.5,5268,2018,100,1,3250,2018,389.38,2023-10-31 14:00:00
322.63,5562.08,5626,2450,100,1,3176,2450,397.36,2023-10-31 15:00:00
337.43,5776.88,5833,2627,100,1,3206,2627,395.51,2023-10-31 16:00:00
291.78,5030.24,5084,2102,93,1,2982,2102,396.92,2023-10-31 17:00:00
297.5,5093.21,5143,1918,100,1,3225,1918,393.16,2023-10-31 18:00:00
314.64,5424.47,5484,2081,100,1,3403,2081,399.95,2023-10-31 19:00:00
