TCcounts,TCmass,TCconc,AE33_BC6,AE33_ValidData,AE33_b,OC,EC,CO2,EndTimeUTC
596.25,10279.41,10374,444,100,1,9930,444,375.82,2023-12-31 20:00:00
276.9,4740.57,4778,297,100,1,4481,297,371.74,2023-12-31 21:00:00
222.55,3836.84,3870,260,100,1,3610,260,373.45,2023-12-31 22:00:00
340.12,5822.79,5872,2301,100,1,3571,2301,370.61,2023-12-31 23:00:00
206.36,3557.67,3587,539,100,1,3048,539,373.95,2024-01-01 00:00:00
185.6,3177.52,3202,286,100,1,2916,286,371.55,2024-01-01 01:00:00
182.98,3154.58,3182,281,100,1,2901,281,375.37,2024-01-01 02:00:00
201.2,3444.47,3475,330,93,1,3145,330,372.93,2024-01-01 03:00:00
203.42,3506.94,3537,312,100,1,3225,312,377.09,2024-01-01 04:00:00
257.55,4409.19,4448,321,100,1,4127,321,383.38,2024-01-01 05:00:00
246.63,4251.95,4300,356,100,1,3944,356,387.85,2024-01-01 06:00:00
436.65,7475.46,7549,378,100,1,7171,378,380.98,2024-01-01 07:00:00
396.82,6841.12,6915,333,100,1,6582,333,380.68,2024-01-01 08:00:00
275.8,4721.66,4766,335,100,1,4431,335,376.83,2024-01-01 09:00:00
207.34,3574.55,3608,329,100,1,3279,329,379.1,2024-01-01 10:00:00
215.21,3684.32,3717,360,100,1,3357,360,375.77,2024-01-01 11:00:00
242.77,4185.31,4231,398,100,1,3833,398,383.21,2024-01-01 12:00:00
275.72,4720.24,4772,472,100,1,4300,472,386.51,2024-01-01 13:00:00
326.03,5620.68,5684,729,100,1,4955,729,386.09,2024-01-01 14:00:00
242.2,4146.55,4191,530,100,1,3661,530,381.02,2024-01-01 15:00:00
284.04,4896.8,4949,855,100,1,4094,855,385.29,2024-01-01 16:00:00
255.82,4379.72,4418,581,100,1,3837,581,381.22,2024-01-01 17:00:00
284.35,4902.23,4956,868,100,1,4088,868,388.91,2024-01-01 18:00:00
337.17,5772.4,5828,1057,100,1,4771,1057,386.9,2024-01-01 19:00:00
303.73,5236.37,5289,981,100,1,4308,981,394.91,2024-01-01 20:00:00
276.9,4740.57,4779,740,100,1,4039,740,389.17,2024-01-01 21:00:00
296.26,5107.46,5160,747,100,1,4413,747,393.21,2024-01-01 22:00:00
291.02,4982.3,5029,810,100,1,4219,810,389.16,2024-01-01 23:00:00
284.98,4913.1,4961,741,100,1,4220,741,392.4,2024-01-02 00:00:00
286.77,4909.54,4958,733,100,1,4225,733,386.71,2024-01-02 01:00:00
284.52,4905.17,4955,765,100,1,4190,765,392.22,2024-01-02 02:00:00
275.54,4717.18,4760,701,100,1,4059,701,387.34,2024-01-02 03:00:00
262.26,4521.41,4569,568,100,1,4001,568,390.69,2024-01-02 04:00:00
265.46,4544.66,4590,522,100,1,4068,522,383.91,2024-01-02 05:00:00
306.35,5281.5,5335,620,100,1,4715,620,390.74,2024-01-02 06:00:00
260.54,4460.49,4506,551,100,1,3955,551,376.5,2024-01-02 07:00:00
259.13,4467.45,4503,580,100,1,3923,580,382.52,2024-01-02 08:00:00
266.16,4556.74,4601,659,93,1,3942,659,380.17,2024-01-02 09:00:00
280.07,4828.49,4878,659,100,1,4219,659,383.12,2024-01-02 10:00:00
276.49,4733.5,4779,629,100,1,4150,629,379.04,2024-01-02 11:00:00
273.13,4708.74,4757,590,100,1,4167,590,382.04,2024-01-02 12:00:00
289.11,4949.63,4996,692,100,1,4304,692,377.78,2024-01-02 13:00:00
296.24,5107.2,5164,705,100,1,4459,705,381.89,2024-01-02 14:00:00
271.29,4644.5,4687,592,100,1,4095,592,374.33,2024-01-02 15:00:00
274.67,4735.23,4783,617,100,1,4166,617,377.59,2024-01-02 16:00:00
274.88,4706.0,4748,636,100,1,4112,636,375.68,2024-01-02 17:00:00
275.89,4756.34,4797,769,100,1,4028,769,377.71,2024-01-02 18:00:00
287.38,4919.97,4960,954,100,1,4006,954,375.05,2024-01-02 19:00:00
296.52,5111.99,5161,942,100,1,4219,942,380.57,2024-01-02 20:00:00
278.01,4759.55,4803,870,100,1,3933,870,379.35,2024-01-02 21:00:00
283.56,4888.64,4937,897,100,1,4040,897,383.71,2024-01-02 22:00:00
275.39,4714.76,4758,930,100,1,3828,930,379.93,2024-01-02 23:00:00
268.13,4622.6,4671,817,100,1,3854,817,384.28,2024-01-03 00:00:00
310.12,5309.28,5357,958,100,1,4399,958,384.09,2024-01-03 01:00:00
300.5,5180.68,5233,1015,100,1,4218,1015,387.9,2024-01-03 02:00:00
286.56,4905.84,4952,886,100,1,4066,886,384.9,2024-01-03 03:00:00
297.43,5127.74,5178,861,100,1,4317,861,388.28,2024-01-03 04:00:00
341.95,5854.19,5905,864,100,1,5041,864,387.94,2024-01-03 05:00:00
375.8,6478.77,6540,1117,100,1,5423,1117,391.48,2024-01-03 06:00:00
369.42,6324.46,6377,1529,92,1,4848,1529,391.25,2024-01-03 07:00:00
429.63,7406.85,7483,1952,100,1,5531,1952,401.24,2024-01-03 08:00:00
457.35,7829.75,7906,1924,100,1,5982,1924,399.27,2024-01-03 09:00:00
486.62,8389.38,8474,1732,100,1,6742,1732,402.53,2024-01-03 10:00:00
467.68,8006.62,8081,1735,100,1,6346,1735,398.69,2024-01-03 11:00:00
491.15,8467.45,8552,2209,100,1,6343,2209,402.19,2024-01-03 12:00:00
520.29,8907.4,8987,3019,100,1,5968,3019,399.59,2024-01-03 13:00:00
454.2,7830.33,7903,2002,100,1,5901,2002,403.88,2024-01-03 14:00:00
471.37,8069.8,8146,2032,100,1,6114,2032,399.67,2024-01-03 15:00:00
482.02,8309.96,8392,2074,93,1,6318,2074,402.76,2024-01-03 16:00:00
533.12,9126.98,9209,2495,100,1,6714,2495,399.26,2024-01-03 17:00:00
447.09,7707.76,7781,1622,100,1,6159,1622,402.73,2024-01-03 18:00:00
446.97,7652.11,7719,1691,100,1,6028,1691,400.26,2024-01-03 19:00:00
468.7,8080.36,8160,1840,100,1,6320,1840,404.14,2024-01-03 20:00:00
451.74,7733.87,7797,1625,100,1,6172,1625,399.69,2024-01-03 21:00:00
447.35,7712.27,7788,1553,100,1,6235,1553,399.93,2024-01-03 22:00:00
414.3,7092.79,7159,1422,100,1,5737,1422,397.24,2024-01-03 23:00:00
416.95,7188.2,7257,1320,100,1,5937,1320,409.02,2024-01-04 00:00:00
388.59,6652.61,6710,1220,100,1,5490,1220,410.46,2024-01-04 01:00:00
388.35,6695.15,6768,1252,100,1,5516,1252,412.72,2024-01-04 02:00:00
355.36,6083.83,6140,1148,93,1,4992,1148,406.64,2024-01-04 03:00:00
407.77,7030.04,7104,1656,100,1,5448,1656,407.37,2024-01-04 04:00:00
401.13,6867.35,6936,1622,100,1,5314,1622,401.08,2024-01-04 05:00:00
428.94,7394.86,7468,1852,100,1,5616,1852,404.77,2024-01-04 06:00:00
376.14,6439.54,6493,1463,100,1,5030,1463,398.34,2024-01-04 07:00:00
390.01,6723.74,6786,1613,100,1,5173,1613,405.42,2024-01-04 08:00:00
423.76,7254.75,7312,1720,100,1,5592,1720,410.12,2024-01-04 09:00:00
525.96,9067.64,9164,2669,100,1,6495,2669,414.81,2024-01-04 10:00:00
542.58,9289.03,9375,2955,100,1,6420,2955,408.21,2024-01-04 11:00:00
585.76,10098.47,10187,3429,93,1,6758,3429,413.24,2024-01-04 12:00:00
635.53,10880.32,10980,4170,100,1,6810,4170,412.46,2024-01-04 13:00:00
611.78,10547.0,10647,3517,100,1,7130,3517,413.25,2024-01-04 14:00:00
549.86,9413.65,9498,2848,100,1,6650,2848,407.86,2024-01-04 15:00:00
569.74,9822.33,9915,3155,100,1,6760,3155,410.87,2024-01-04 16:00:00
585.27,10019.81,10109,3462,93,1,6647,3462,406.24,2024-01-04 17:00:00
543.56,9370.92,9459,2805,100,1,6654,2805,410.74,2024-01-04 18:00:00
447.49,7661.09,7731,2051,100,1,5680,2051,412.53,2024-01-04 19:00:00
426.93,7360.31,7433,1887,100,1,5546,1887,418.42,2024-01-04 20:00:00
386.73,6620.78,6678,1591,100,1,5087,1591,413.3,2024-01-04 21:00:00
381.01,6568.53,6629,1502,100,1,5127,1502,415.67,2024-01-04 22:00:00
386.72,6620.61,6676,1481,100,1,5195,1481,410.3,2024-01-04 23:00:00
391.5,6749.38,6821,1425,100,1,5396,1425,409.1,2024-01-05 00:00:00
381.66,6533.94,6586,1414,100,1,5172,1414,401.82,2024-01-05 01:00:00
365.71,6304.87,6365,1355,100,1,5010,1355,404.76,2024-01-05 02:00:00
374.5,6411.51,6464,1346,98,1,5118,1346,400.89,2024-01-05 03:00:00
385.42,6644.6,6719,1511,97,1,5208,1511,404.46,2024-01-05 04:00:00
404.1,6918.11,6974,1872,100,1,5102,1872,400.94,2024-01-05 05:00:00
389.12,6708.39,6774,1455,100,1,5319,1455,405.51,2024-01-05 06:00:00
384.22,6577.9,6645,1602,100,1,5043,1602,410.52,2024-01-05 07:00:00
549.52,9473.72,9578,1988,100,1,7590,1988,424.08,2024-01-05 08:00:00
481.44,8242.32,8328,2172,100,1,6156,2172,415.53,2024-01-05 09:00:00
455.99,7861.19,7949,2200,100,1,5749,2200,421.31,2024-01-05 10:00:00
460.8,7888.85,7971,2215,100,1,5756,2215,416.17,2024-01-05 11:00:00
458.47,7904.06,7988,2031,100,1,5957,2031,415.51,2024-01-05 12:00:00
459.72,7870.35,7945,2199,92,1,5746,2199,416.48,2024-01-05 13:00:00
483.56,8336.65,8424,2376,100,1,6048,2376,419.94,2024-01-05 14:00:00
509.07,8715.36,8793,2411,100,1,6382,2411,412.27,2024-01-05 15:00:00
561.42,9678.85,9774,2920,100,1,6854,2920,413.78,2024-01-05 16:00:00
540.51,9253.55,9344,2965,100,1,6379,2965,409.01,2024-01-05 17:00:00
470.4,8109.66,8193,2235,100,1,5958,2235,406.46,2024-01-05 18:00:00
449.48,7695.11,7767,2126,100,1,5641,2126,400.24,2024-01-05 19:00:00
487.82,8410.09,8495,2380,100,1,6115,2380,401.83,2024-01-05 20:00:00
444.22,7605.03,7674,1917,93,1,5757,1917,396.04,2024-01-05 21:00:00
466.58,8043.85,8128,1822,100,1,6306,1822,396.05,2024-01-05 22:00:00
389.41,6666.68,6730,1317,100,1,5413,1317,390.61,2024-01-05 23:00:00
401.68,6925.05,6995,1401,100,1,5594,1401,396.45,2024-01-06 00:00:00
407.11,6969.8,7033,1363,100,1,5670,1363,393.92,2024-01-06 01:00:00
405.52,6991.17,7065,1262,100,1,5803,1262,395.17,2024-01-06 02:00:00
411.27,7041.0,7109,1469,100,1,5640,1469,392.53,2024-01-06 03:00:00
421.38,7264.58,7342,1679,100,1,5663,1679,396.29,2024-01-06 04:00:00
426.78,7306.4,7372,1741,100,1,5631,1741,394.36,2024-01-06 05:00:00
446.94,7705.28,7789,1957,100,1,5832,1957,398.18,2024-01-06 06:00:00
410.33,7024.85,7091,1735,100,1,5356,1735,393.54,2024-01-06 07:00:00
423.72,7304.85,7372,2119,93,1,5253,2119,395.01,2024-01-06 08:00:00
429.41,7351.42,7412,2225,100,1,5187,2225,394.24,2024-01-06 09:00:00
457.49,7887.11,7966,2348,100,1,5618,2348,399.4,2024-01-06 10:00:00
494.17,8460.26,8541,2900,100,1,5641,2900,403.36,2024-01-06 11:00:00
628.69,10838.6,10947,3739,100,1,7208,3739,413.49,2024-01-06 12:00:00
712.03,12190.03,12296,4159,100,1,8137,4159,413.52,2024-01-06 13:00:00
670.54,11560.14,11674,3916,93,1,7758,3916,416.62,2024-01-06 14:00:00
627.23,10738.19,10829,3634,100,1,7195,3634,414.35,2024-01-06 15:00:00
690.58,11905.66,12016,4254,100,1,7762,4254,420.73,2024-01-06 16:00:00
680.97,11658.13,11764,4274,100,1,7490,4274,421.36,2024-01-06 17:00:00
779.19,13433.29,13567,5054,93,1,8513,5054,431.14,2024-01-06 18:00:00
806.39,13805.35,13921,4973,100,1,8948,4973,432.13,2024-01-06 19:00:00
779.18,13433.07,13574,4339,100,1,9235,4339,434.81,2024-01-06 20:00:00
786.29,13461.36,13575,4469,100,1,9106,4469,427.92,2024-01-06 21:00:00
799.43,13782.17,13915,4315,93,1,9600,4315,427.51,2024-01-06 22:00:00
640.58,10966.65,11056,2848,100,1,8208,2848,417.37,2024-01-06 23:00:00
505.05,8707.01,8796,1906,100,1,6890,1906,412.48,2024-01-07 00:00:00
439.36,7521.79,7588,1697,100,1,5891,1697,405.8,2024-01-07 01:00:00
394.92,6808.47,6873,1521,100,1,5352,1521,407.98,2024-01-07 02:00:00
395.61,6772.87,6828,1484,100,1,5344,1484,402.28,2024-01-07 03:00:00
387.6,6682.24,6748,1507,100,1,5241,1507,403.57,2024-01-07 04:00:00
386.25,6612.55,6666,1555,100,1,5111,1555,401.34,2024-01-07 05:00:00
396.85,6841.76,6913,1661,100,1,5252,1661,405.68,2024-01-07 06:00:00
396.36,6785.74,6841,1769,93,1,5072,1769,406.38,2024-01-07 07:00:00
436.63,7527.49,7616,1955,100,1,5661,1955,416.07,2024-01-07 08:00:00
463.23,7930.45,8007,2027,100,1,5980,2027,414.11,2024-01-07 09:00:00
482.44,8317.29,8401,2033,100,1,6368,2033,420.65,2024-01-07 10:00:00
446.99,7652.54,7726,2030,100,1,5696,2030,414.96,2024-01-07 11:00:00
480.36,8281.33,8366,2354,100,1,6012,2354,414.88,2024-01-07 12:00:00
518.6,8878.48,8965,2383,100,1,6582,2383,408.37,2024-01-07 13:00:00
476.6,8216.62,8301,1902,100,1,6399,1902,407.77,2024-01-07 14:00:00
458.31,7846.31,7913,1856,93,1,6057,1856,403.13,2024-01-07 15:00:00
476.82,8220.35,8301,1937,100,1,6364,1937,406.38,2024-01-07 16:00:00
458.91,7856.48,7925,1950,100,1,5975,1950,402.83,2024-01-07 17:00:00
451.16,7778.03,7859,1914,100,1,5945,1914,406.73,2024-01-07 18:00:00
435.49,7455.65,7520,1763,100,1,5757,1763,405.31,2024-01-07 19:00:00
437.91,7549.63,7627,1704,100,1,5923,1704,409.26,2024-01-07 20:00:00
426.41,7300.2,7366,1615,100,1,5751,1615,411.29,2024-01-07 21:00:00
416.18,7174.97,7247,1459,100,1,5788,1459,413.89,2024-01-07 22:00:00
429.17,7347.46,7414,1584,100,1,5830,1584,407.84,2024-01-07 23:00:00
481.31,8297.86,8380,1722,93,1,6658,1722,413.47,2024-01-08 00:00:00
510.6,8741.5,8823,2125,100,1,6698,2125,410.38,2024-01-08 01:00:00
1105.95,19066.53,19256,7035,100,1,12221,7035,412.56,2024-01-08 02:00:00
1538.16,26333.25,26566,10114,100,1,16452,10114,408.0,2024-01-08 03:00:00
618.61,10664.86,10771,3755,100,1,7016,3755,410.44,2024-01-08 04:00:00
399.06,6831.85,6896,1773,100,1,5123,1773,406.58,2024-01-08 05:00:00
370.63,6389.7,6454,1536,100,1,4918,1536,409.78,2024-01-08 06:00:00
342.03,5855.49,5911,1397,93,1,4514,1397,402.88,2024-01-08 07:00:00
391.38,6747.31,6819,1669,100,1,5150,1669,411.05,2024-01-08 08:00:00
459.15,7860.66,7929,2097,100,1,5832,2097,403.67,2024-01-08 09:00:00
448.07,7724.79,7814,2020,100,1,5794,2020,413.39,2024-01-08 10:00:00
418.38,7162.68,7233,1913,100,1,5320,1913,404.23,2024-01-08 11:00:00
412.54,7112.24,7189,1720,100,1,5469,1720,400.53,2024-01-08 12:00:00
478.28,8188.12,8274,2294,100,1,5980,2294,395.57,2024-01-08 13:00:00
482.72,8322.16,8409,2237,100,1,6172,2237,396.87,2024-01-08 14:00:00
491.3,8411.03,8489,2299,100,1,6190,2299,391.64,2024-01-08 15:00:00
452.17,7795.4,7877,1877,93,1,6000,1877,393.25,2024-01-08 16:00:00
401.43,6872.55,6938,1343,100,1,5595,1343,387.5,2024-01-08 17:00:00
384.59,6630.37,6705,1248,100,1,5457,1248,389.8,2024-01-08 18:00:00
419.08,7174.7,7242,1249,100,1,5993,1249,383.85,2024-01-08 19:00:00
348.83,6013.9,6078,716,100,1,5362,716,385.43,2024-01-08 20:00:00
298.66,5112.99,5165,697,100,1,4468,697,381.61,2024-01-08 21:00:00
295.51,5094.55,5152,550,100,1,4602,550,384.42,2024-01-08 22:00:00
282.82,4841.88,4885,506,100,1,4379,506,380.28,2024-01-08 23:00:00
325.28,5607.85,5667,1534,100,1,4133,1534,384.23,2024-01-09 00:00:00
310.13,5309.45,5358,802,100,1,4556,802,381.13,2024-01-09 01:00:00
275.36,4747.26,4800,357,100,1,4443,357,384.02,2024-01-09 02:00:00
267.48,4579.23,4619,424,100,1,4195,424,380.44,2024-01-09 03:00:00
266.19,4589.14,4639,637,100,1,4002,637,383.59,2024-01-09 04:00:00
270.77,4635.54,4677,573,100,1,4104,573,380.61,2024-01-09 05:00:00
277.89,4790.75,4839,644,100,1,4195,644,384.89,2024-01-09 06:00:00
275.69,4719.81,4761,673,100,1,4088,673,380.75,2024-01-09 07:00:00
285.16,4916.17,4966,580,100,1,4386,580,378.45,2024-01-09 08:00:00
259.94,4450.16,4486,587,100,1,3899,587,376.24,2024-01-09 09:00:00
274.97,4740.4,4786,608,100,1,4178,608,380.07,2024-01-09 10:00:00
278.52,4768.25,4810,734,100,1,4076,734,375.51,2024-01-09 11:00:00
292.54,5043.45,5090,851,100,1,4239,851,381.07,2024-01-09 12:00:00
302.04,5170.98,5219,1125,100,1,4094,1125,380.56,2024-01-09 13:00:00
317.55,5474.64,5533,1085,100,1,4448,1085,381.77,2024-01-09 14:00:00
313.1,5360.3,5415,899,100,1,4516,899,378.79,2024-01-09 15:00:00
276.06,4759.26,4812,672,100,1,4140,672,381.26,2024-01-09 16:00:00
275.66,4719.33,4769,696,93,1,4073,696,379.5,2024-01-09 17:00:00
302.26,5210.95,5265,622,100,1,4643,622,383.74,2024-01-09 18:00:00
300.3,5141.14,5189,774,100,1,4415,774,381.78,2024-01-09 19:00:00
297.64,5131.37,5185,662,100,1,4523,662,382.88,2024-01-09 20:00:00
291.72,4994.3,5036,611,100,1,4425,611,378.01,2024-01-09 21:00:00
280.0,4827.18,4877,511,100,1,4366,511,379.91,2024-01-09 22:00:00
268.79,4601.65,4644,462,100,1,4182,462,377.64,2024-01-09 23:00:00
259.5,4473.78,4519,337,100,1,4182,337,380.73,2024-01-10 00:00:00
261.87,4483.3,4525,452,100,1,4073,452,376.48,2024-01-10 01:00:00
227.63,3924.26,3960,133,100,1,3827,133,377.74,2024-01-10 02:00:00
252.54,4323.57,4358,213,100,1,4145,213,376.1,2024-01-10 03:00:00
341.36,5884.97,5942,354,100,1,5588,354,380.41,2024-01-10 04:00:00
382.75,6552.69,6602,1166,100,1,5436,1166,380.62,2024-01-10 05:00:00
318.19,5485.58,5538,984,100,1,4554,984,383.81,2024-01-10 06:00:00
313.93,5374.46,5422,1082,100,1,4340,1082,384.75,2024-01-10 07:00:00
354.54,6112.33,6179,1390,100,1,4789,1390,388.96,2024-01-10 08:00:00
373.56,6395.31,6457,1608,100,1,4849,1608,386.5,2024-01-10 09:00:00
371.22,6399.82,6472,1541,100,1,4931,1541,390.66,2024-01-10 10:00:00
360.64,6174.09,6240,1657,100,1,4583,1657,390.09,2024-01-10 11:00:00
377.07,6500.62,6572,1740,100,1,4832,1740,395.43,2024-01-10 12:00:00
386.76,6621.34,6688,1855,100,1,4833,1855,390.86,2024-01-10 13:00:00
377.91,6515.14,6586,1564,92,1,5022,1564,389.9,2024-01-10 14:00:00
375.71,6432.23,6498,1449,100,1,5049,1449,366.15,2024-01-10 15:00:00
393.96,6791.82,6855,1414,100,1,5441,1414,387.89,2024-01-10 16:00:00
358.17,6131.89,6202,1246,100,1,4956,1246,384.97,2024-01-10 17:00:00
383.94,6619.15,6694,1486,100,1,5208,1486,385.34,2024-01-10 18:00:00
372.1,6370.31,6435,1271,100,1,5164,1271,381.71,2024-01-10 19:00:00
382.45,6593.5,6673,1174,100,1,5499,1174,382.7,2024-01-10 20:00:00
347.59,5950.78,6019,1009,100,1,5010,1009,379.37,2024-01-10 21:00:00
351.08,6052.66,6121,925,100,1,5196,925,381.15,2024-01-10 22:00:00
377.96,6470.63,6541,830,100,1,5711,830,377.95,2024-01-10 23:00:00
312.75,5391.78,5455,585,100,1,4870,585,379.84,2024-01-11 00:00:00
345.75,5919.17,5989,461,100,1,5528,461,376.69,2024-01-11 01:00:00
284.51,4904.9,4965,366,100,1,4599,366,379.63,2024-01-11 02:00:00
281.64,4821.61,4876,507,100,1,4369,507,378.31,2024-01-11 03:00:00
272.65,4700.56,4760,418,100,1,4342,418,378.95,2024-01-11 04:00:00
269.93,4621.21,4679,416,100,1,4263,416,376.46,2024-01-11 05:00:00
275.39,4747.67,4807,437,100,1,4370,437,378.47,2024-01-11 06:00:00
282.54,4837.16,4890,570,100,1,4320,570,373.52,2024-01-11 07:00:00
282.54,4837.16,4890,570,100,1,4320,570,373.52,2024-01-11 07:00:00
282.54,4837.16,4890,570,100,1,4320,570,373.52,2024-01-11 07:00:00
329.21,5675.64,5745,453,100,1,5292,453,380.22,2024-01-11 10:00:00
340.79,5834.39,5896,403,100,1,5493,403,376.49,2024-01-11 11:00:00
400.81,6909.89,6983,403,100,1,6580,403,375.93,2024-01-11 12:00:00
360.96,6179.58,6241,602,100,1,5639,602,369.6,2024-01-11 13:00:00
360.96,6179.58,6241,602,100,1,5639,602,369.6,2024-01-11 13:00:00
360.96,6179.58,6241,602,100,1,5639,602,369.6,2024-01-11 13:00:00
1669.55,28783.02,29095,452,100,1,28643,452,375.98,2024-01-11 16:00:00
224.45,3842.6,3881,381,100,1,3500,381,370.04,2024-01-11 17:00:00
166.69,2873.74,2905,380,100,1,2525,380,370.62,2024-01-11 18:00:00
207.64,3554.72,3594,467,93,1,3127,467,369.68,2024-01-11 19:00:00
147.38,2540.81,2571,281,100,1,2290,281,373.05,2024-01-11 20:00:00
206.05,3527.58,3564,330,100,1,3234,330,369.28,2024-01-11 21:00:00
156.39,2696.2,2723,250,100,1,2473,250,371.43,2024-01-11 22:00:00
208.62,3571.53,3606,203,100,1,3403,203,368.23,2024-01-11 23:00:00
153.47,2645.88,2673,189,100,1,2484,189,371.12,2024-01-12 00:00:00
213.5,3655.06,3692,173,100,1,3519,173,369.9,2024-01-12 01:00:00
149.96,2585.27,2613,229,100,1,2384,229,372.47,2024-01-12 02:00:00
216.21,3701.57,3740,251,100,1,3489,251,371.31,2024-01-12 03:00:00
151.79,2616.78,2644,376,100,1,2268,376,375.37,2024-01-12 04:00:00
222.45,3808.29,3849,1593,100,1,2256,1593,374.62,2024-01-12 05:00:00
160.1,2760.16,2789,609,100,1,2180,609,378.2,2024-01-12 06:00:00
229.49,3928.95,3966,593,100,1,3373,593,375.88,2024-01-12 07:00:00
168.82,2910.43,2944,667,100,1,2277,667,377.91,2024-01-12 08:00:00
238.96,4090.99,4131,626,100,1,3505,626,378.19,2024-01-12 09:00:00
175.21,3020.65,3053,433,100,1,2620,433,380.38,2024-01-12 10:00:00
239.44,4099.28,4143,444,100,1,3699,444,376.19,2024-01-12 11:00:00
163.47,2818.2,2850,432,100,1,2418,432,376.06,2024-01-12 12:00:00
238.77,4087.69,4125,555,100,1,3570,555,373.23,2024-01-12 13:00:00
238.77,4087.69,4125,555,100,1,3570,555,373.23,2024-01-12 13:00:00
238.77,4087.69,4125,555,100,1,3570,555,373.23,2024-01-12 13:00:00
395.8,6823.55,6902,598,85,1,6304,598,378.74,2024-01-12 16:00:00
169.41,2900.25,2927,688,100,1,2239,688,379.59,2024-01-12 17:00:00
129.3,2229.06,2249,723,100,1,1526,723,386.29,2024-01-12 18:00:00
112.58,1927.33,1945,590,100,1,1355,590,383.01,2024-01-12 19:00:00
121.88,2101.18,2121,744,100,1,1377,744,387.51,2024-01-12 20:00:00
152.3,2607.32,2631,1026,100,1,1605,1026,385.07,2024-01-12 21:00:00
148.69,2563.44,2588,1065,100,1,1523,1065,390.69,2024-01-12 22:00:00
167.4,2865.92,2892,1118,100,1,1774,1118,389.1,2024-01-12 23:00:00
181.39,3127.19,3157,1403,100,1,1754,1403,392.95,2024-01-13 00:00:00
165.25,2829.05,2854,1291,100,1,1563,1291,389.24,2024-01-13 01:00:00
154.35,2660.98,2686,1041,100,1,1645,1041,392.62,2024-01-13 02:00:00
171.96,2943.91,2969,1379,100,1,1590,1379,389.86,2024-01-13 03:00:00
175.52,3025.91,3057,1532,100,1,1525,1532,393.08,2024-01-13 04:00:00
168.11,2878.1,2903,1432,100,1,1471,1432,391.82,2024-01-13 05:00:00
238.54,4112.43,4152,2168,100,1,1984,2168,400.4,2024-01-13 06:00:00
296.3,5072.66,5119,2570,93,1,2549,2570,405.58,2024-01-13 07:00:00
315.39,5437.27,5498,2816,100,1,2682,2816,416.66,2024-01-13 08:00:00
265.8,4550.47,4601,2312,100,1,2289,2312,411.16,2024-01-13 09:00:00
334.99,5775.23,5844,3140,100,1,2704,3140,417.33,2024-01-13 10:00:00
338.09,5788.14,5850,3252,100,1,2598,3252,411.09,2024-01-13 11:00:00
297.14,5122.73,5174,2501,100,1,2673,2501,408.35,2024-01-13 12:00:00
242.24,4147.23,4185,1748,100,1,2437,1748,396.59,2024-01-13 13:00:00
257.62,4441.43,4486,1869,93,1,2617,1869,400.11,2024-01-13 14:00:00
259.16,4436.82,4475,2038,100,1,2437,2038,396.02,2024-01-13 15:00:00
297.8,5134.13,5188,2170,100,1,3018,2170,400.8,2024-01-13 16:00:00
388.19,6645.82,6706,2934,100,1,3772,2934,394.37,2024-01-13 17:00:00
379.33,6539.63,6601,2875,100,1,3726,2875,399.77,2024-01-13 18:00:00
414.91,7103.19,7165,3281,100,1,3884,3281,396.05,2024-01-13 19:00:00
353.21,6089.28,6155,2396,100,1,3759,2396,399.59,2024-01-13 20:00:00
277.22,4746.06,4792,1718,93,1,3074,1718,387.54,2024-01-13 21:00:00
219.25,3779.87,3817,1234,100,1,2583,1234,388.89,2024-01-13 22:00:00
192.2,3290.45,3321,1007,100,1,2314,1007,379.61,2024-01-13 23:00:00
195.55,3371.3,3406,965,100,1,2441,965,384.76,2024-01-14 00:00:00
144.4,2472.14,2494,666,100,1,1828,666,377.98,2024-01-14 01:00:00
126.74,2185.04,2208,598,100,1,1610,598,382.69,2024-01-14 02:00:00
136.07,2329.54,2352,647,100,1,1705,647,378.05,2024-01-14 03:00:00
140.56,2423.18,2447,733,100,1,1714,733,382.88,2024-01-14 04:00:00
199.12,3408.94,3443,1030,100,1,2413,1030,379.57,2024-01-14 05:00:00
245.55,4233.23,4274,1228,100,1,3046,1228,387.32,2024-01-14 06:00:00
260.98,4467.98,4508,1372,100,1,3136,1372,381.51,2024-01-14 07:00:00
275.91,4756.64,4803,1440,100,1,3363,1440,385.42,2024-01-14 08:00:00
310.82,5321.22,5371,1649,100,1,3722,1649,387.22,2024-01-14 09:00:00
341.06,5879.8,5944,2066,100,1,3878,2066,394.25,2024-01-14 10:00:00
290.5,4973.32,5021,1633,100,1,3388,1633,390.51,2024-01-14 11:00:00
324.97,5602.47,5664,1866,95,1,3798,1866,392.62,2024-01-14 12:00:00
310.52,5316.16,5368,1663,100,1,3705,1663,390.64,2024-01-14 13:00:00
325.79,5616.7,5675,1728,100,1,3947,1728,392.34,2024-01-14 14:00:00
292.45,5006.81,5051,1684,100,1,3367,1684,386.0,2024-01-14 15:00:00
301.72,5201.58,5259,1817,100,1,3442,1817,389.01,2024-01-14 16:00:00
321.4,5502.29,5557,1877,100,1,3680,1877,386.14,2024-01-14 17:00:00
425.74,7339.73,7413,1775,100,1,5638,1775,389.63,2024-01-14 18:00:00
332.03,5684.42,5745,1553,100,1,4192,1553,385.29,2024-01-14 19:00:00
290.12,5001.69,5053,1522,100,1,3531,1522,385.84,2024-01-14 20:00:00
241.11,4127.85,4166,1250,100,1,2916,1250,383.3,2024-01-14 21:00:00
230.34,3971.09,4014,1096,100,1,2918,1096,386.88,2024-01-14 22:00:00
187.12,3203.49,3236,919,93,1,2317,919,383.39,2024-01-14 23:00:00
201.01,3465.33,3501,842,100,1,2659,842,384.54,2024-01-15 00:00:00
171.49,2935.94,2964,839,100,1,2125,839,380.93,2024-01-15 01:00:00
183.0,3154.94,3191,848,100,1,2343,848,384.46,2024-01-15 02:00:00
198.81,3403.64,3437,943,100,1,2494,943,382.37,2024-01-15 03:00:00
208.59,3596.03,3630,1024,100,1,2606,1024,385.41,2024-01-15 04:00:00
254.79,4361.97,4401,1312,100,1,3089,1312,382.48,2024-01-15 05:00:00
252.27,4349.18,4395,1400,100,1,2995,1400,386.94,2024-01-15 06:00:00
263.58,4512.47,4555,1354,100,1,3201,1354,385.01,2024-01-15 07:00:00
258.95,4464.28,4511,1293,100,1,3218,1293,388.19,2024-01-15 08:00:00
256.82,4396.75,4437,1257,100,1,3180,1257,386.16,2024-01-15 09:00:00
253.29,4366.67,4413,1263,100,1,3150,1263,387.61,2024-01-15 10:00:00
237.88,4072.5,4110,1235,100,1,2875,1235,382.68,2024-01-15 11:00:00
254.36,4385.2,4431,1164,100,1,3267,1164,384.27,2024-01-15 12:00:00
249.16,4265.55,4304,1217,100,1,3087,1217,381.34,2024-01-15 13:00:00
313.36,5402.26,5461,2205,93,1,3256,2205,384.52,2024-01-15 14:00:00
235.91,4038.75,4079,1091,100,1,2988,1091,382.89,2024-01-15 15:00:00
246.46,4248.91,4293,1117,100,1,3176,1117,386.41,2024-01-15 16:00:00
231.97,3971.31,4010,1056,100,1,2954,1056,382.21,2024-01-15 17:00:00
254.77,4392.24,4439,1191,100,1,3248,1191,385.22,2024-01-15 18:00:00
235.29,4028.13,4065,1074,100,1,2991,1074,382.64,2024-01-15 19:00:00
244.83,4220.86,4267,972,100,1,3295,972,383.6,2024-01-15 20:00:00
237.81,4071.35,4111,923,100,1,3188,923,380.22,2024-01-15 21:00:00
234.33,4039.81,4083,793,100,1,3290,793,382.72,2024-01-15 22:00:00
220.57,3776.21,3815,772,100,1,3043,772,378.22,2024-01-15 23:00:00
199.62,3441.38,3478,707,100,1,2771,707,380.68,2024-01-16 00:00:00
194.37,3327.58,3361,634,100,1,2727,634,377.04,2024-01-16 01:00:00
192.65,3321.27,3358,621,100,1,2737,621,379.5,2024-01-16 02:00:00
203.35,3481.39,3516,666,100,1,2850,666,376.36,2024-01-16 03:00:00
210.92,3636.26,3675,724,100,1,2951,724,378.18,2024-01-16 04:00:00
207.08,3545.26,3581,824,100,1,2757,824,377.19,2024-01-16 05:00:00
243.0,4189.26,4234,1049,100,1,3185,1049,378.97,2024-01-16 06:00:00
249.35,4268.87,4313,1182,100,1,3131,1182,378.12,2024-01-16 07:00:00
280.61,4837.65,4886,1249,95,1,3637,1249,381.23,2024-01-16 08:00:00
276.6,4735.47,4790,1196,100,1,3594,1196,380.74,2024-01-16 09:00:00
257.74,4443.5,4493,1130,100,1,3363,1130,383.55,2024-01-16 10:00:00
262.19,4488.77,4541,1275,100,1,3266,1275,377.61,2024-01-16 11:00:00
269.28,4642.42,4693,1213,100,1,3480,1213,379.76,2024-01-16 12:00:00
260.23,4455.18,4505,1251,100,1,3254,1251,373.88,2024-01-16 13:00:00
246.28,4245.89,4298,1084,100,1,3214,1084,376.56,2024-01-16 14:00:00
261.68,4479.92,4533,1217,100,1,3316,1217,374.23,2024-01-16 15:00:00
330.93,5705.18,5773,1616,100,1,4157,1616,379.32,2024-01-16 16:00:00
344.3,5894.4,5963,1715,100,1,4248,1715,375.88,2024-01-16 17:00:00
340.94,5877.84,5945,1642,100,1,4303,1642,378.74,2024-01-16 18:00:00
307.76,5268.82,5331,1223,100,1,4108,1223,375.0,2024-01-16 19:00:00
314.42,5420.55,5485,1229,100,1,4256,1229,378.32,2024-01-16 20:00:00
289.28,4952.49,5008,1152,93,1,3856,1152,374.04,2024-01-16 21:00:00
255.94,4412.44,4464,827,100,1,3637,827,378.92,2024-01-16 22:00:00
260.3,4456.3,4505,771,100,1,3734,771,375.08,2024-01-16 23:00:00
229.6,3958.35,4002,717,100,1,3285,717,376.59,2024-01-17 00:00:00
240.48,4117.03,4161,725,100,1,3436,725,373.83,2024-01-17 01:00:00
265.58,4578.65,4629,1028,100,1,3601,1028,379.28,2024-01-17 02:00:00
345.38,5912.85,5975,1099,100,1,4876,1099,375.35,2024-01-17 03:00:00
301.88,5204.44,5264,889,100,1,4375,889,378.97,2024-01-17 04:00:00
388.61,6653.06,6729,891,100,1,5838,891,374.41,2024-01-17 05:00:00
353.82,6099.84,6166,987,100,1,5179,987,377.59,2024-01-17 06:00:00
396.0,6779.6,6849,941,100,1,5908,941,372.7,2024-01-17 07:00:00
429.41,7403.04,7484,910,100,1,6574,910,374.03,2024-01-17 08:00:00
609.37,10432.5,10516,955,100,1,9561,955,346.08,2024-01-17 09:00:00
379.35,6540.0,6595,951,100,1,5644,951,362.27,2024-01-17 10:00:00
436.73,7476.86,7545,874,100,1,6671,874,377.99,2024-01-17 11:00:00
283.83,4893.3,4948,806,100,1,4142,806,379.89,2024-01-17 12:00:00
224.62,3845.41,3879,744,100,1,3135,744,375.02,2024-01-17 13:00:00
229.44,3955.5,3991,869,100,1,3122,869,377.86,2024-01-17 14:00:00
206.49,3535.07,3562,856,100,1,2706,856,375.89,2024-01-17 15:00:00
211.94,3653.79,3686,861,100,1,2825,861,379.73,2024-01-17 16:00:00
202.59,3468.32,3500,878,100,1,2622,878,378.2,2024-01-17 17:00:00
219.22,3779.39,3815,911,100,1,2904,911,381.05,2024-01-17 18:00:00
198.87,3404.7,3434,730,100,1,2704,730,377.77,2024-01-17 19:00:00
188.55,3250.6,3282,585,92,1,2697,585,379.58,2024-01-17 20:00:00
189.83,3249.91,3280,601,100,1,2679,601,376.81,2024-01-17 21:00:00
203.86,3514.51,3548,632,100,1,2916,632,378.74,2024-01-17 22:00:00
221.97,3800.18,3832,940,100,1,2892,940,376.72,2024-01-17 23:00:00
210.6,3630.67,3668,729,100,1,2939,729,381.08,2024-01-18 00:00:00
199.39,3413.49,3444,699,100,1,2745,699,378.99,2024-01-18 01:00:00
207.03,3569.27,3606,793,100,1,2813,793,380.72,2024-01-18 02:00:00
222.68,3812.21,3843,860,100,1,2983,860,378.83,2024-01-18 03:00:00
218.88,3773.53,3810,984,100,1,2826,984,383.25,2024-01-18 04:00:00
224.06,3835.99,3870,898,100,1,2972,898,382.0,2024-01-18 05:00:00
240.74,4150.42,4192,1332,100,1,2860,1332,386.17,2024-01-18 06:00:00
220.2,3769.85,3804,1252,100,1,2552,1252,383.71,2024-01-18 07:00:00
215.66,3718.02,3755,1043,100,1,2712,1043,383.54,2024-01-18 08:00:00
207.57,3553.6,3586,925,100,1,2661,925,377.37,2024-01-18 09:00:00
247.75,4271.28,4320,834,100,1,3486,834,379.83,2024-01-18 10:00:00
189.8,3249.34,3280,622,100,1,2658,622,375.63,2024-01-18 11:00:00
268.71,4632.55,4678,640,100,1,4038,640,378.13,2024-01-18 12:00:00
778.97,13335.89,13475,640,100,1,12835,640,374.32,2024-01-18 13:00:00
825.97,14239.78,14401,665,100,1,13736,665,378.55,2024-01-18 14:00:00
471.49,8071.9,8151,644,100,1,7507,644,375.4,2024-01-18 15:00:00
377.15,6501.98,6569,709,100,1,5860,709,378.54,2024-01-18 16:00:00
401.52,6874.07,6949,679,100,1,6270,679,379.63,2024-01-18 17:00:00
254.29,4383.91,4428,737,100,1,3691,737,385.5,2024-01-18 18:00:00
314.28,5380.46,5432,794,100,1,4638,794,383.61,2024-01-18 19:00:00
248.84,4290.06,4335,808,93,1,3527,808,387.84,2024-01-18 20:00:00
266.21,4557.53,4602,961,100,1,3641,961,385.25,2024-01-18 21:00:00
257.44,4438.19,4487,1015,100,1,3472,1015,388.36,2024-01-18 22:00:00
290.82,4978.84,5024,1493,100,1,3531,1493,388.38,2024-01-18 23:00:00
451.95,7791.58,7872,4343,100,1,3529,4343,393.51,2024-01-19 00:00:00
358.43,6136.25,6194,2655,100,1,3539,2655,392.32,2024-01-19 01:00:00
305.47,5266.37,5320,1826,100,1,3494,1826,395.16,2024-01-19 02:00:00
258.39,4423.68,4463,1207,100,1,3256,1207,390.49,2024-01-19 03:00:00
263.0,4534.03,4581,1434,100,1,3147,1434,391.48,2024-01-19 04:00:00
283.94,4860.99,4905,1811,100,1,3094,1811,388.66,2024-01-19 05:00:00
283.93,4894.99,4943,1605,100,1,3338,1605,393.21,2024-01-19 06:00:00
300.64,5146.93,5196,1816,93,1,3380,1816,391.38,2024-01-19 07:00:00
315.1,5432.34,5486,1904,100,1,3582,1904,394.7,2024-01-19 08:00:00
339.51,5812.5,5870,1932,100,1,3938,1932,389.75,2024-01-19 09:00:00
356.63,6148.23,6212,1973,100,1,4239,1973,395.27,2024-01-19 10:00:00
375.03,6420.49,6486,2151,100,1,4335,2151,392.6,2024-01-19 11:00:00
550.11,9483.96,9589,1790,100,1,7799,1790,381.91,2024-01-19 12:00:00
491.61,8416.29,8507,2014,100,1,6493,2014,389.49,2024-01-19 13:00:00
467.12,8053.11,8143,2516,100,1,5627,2516,394.12,2024-01-19 14:00:00
437.38,7487.87,7567,2412,100,1,5155,2412,387.37,2024-01-19 15:00:00
353.79,6099.38,6171,1579,100,1,4592,1579,390.16,2024-01-19 16:00:00
369.07,6318.43,6387,1988,93,1,4399,1988,385.85,2024-01-19 17:00:00
378.9,6532.27,6603,1879,100,1,4724,1879,388.11,2024-01-19 18:00:00
326.78,5594.55,5653,1410,100,1,4243,1410,380.9,2024-01-19 19:00:00
329.1,5673.7,5740,1293,100,1,4447,1293,384.23,2024-01-19 20:00:00
337.12,5771.48,5827,1526,100,1,4301,1526,379.9,2024-01-19 21:00:00
302.92,5222.29,5277,1235,100,1,4042,1235,382.32,2024-01-19 22:00:00
303.99,5204.31,5254,1194,100,1,4060,1194,378.29,2024-01-19 23:00:00
318.6,5492.63,5552,1166,100,1,4386,1166,382.26,2024-01-20 00:00:00
299.77,5132.07,5186,1084,100,1,4102,1084,378.92,2024-01-20 01:00:00
323.63,5579.42,5638,1340,100,1,4298,1340,383.63,2024-01-20 02:00:00
317.15,5429.61,5485,1443,100,1,4042,1443,380.23,2024-01-20 03:00:00
301.56,5198.94,5256,1261,100,1,3995,1261,383.9,2024-01-20 04:00:00
289.36,4953.81,5009,1056,100,1,3953,1056,377.32,2024-01-20 05:00:00
286.64,4941.73,4997,1072,93,1,3925,1072,380.47,2024-01-20 06:00:00
322.19,5515.96,5576,1727,100,1,3849,1727,379.45,2024-01-20 07:00:00
331.11,5708.39,5772,1674,100,1,4098,1674,385.27,2024-01-20 08:00:00
336.53,5761.36,5823,1669,100,1,4154,1669,381.3,2024-01-20 09:00:00
319.1,5501.31,5557,1484,100,1,4073,1484,381.94,2024-01-20 10:00:00
333.31,5706.33,5757,1633,100,1,4124,1633,383.0,2024-01-20 11:00:00
361.19,6226.86,6286,1808,100,1,4478,1808,389.35,2024-01-20 12:00:00
408.47,6992.95,7051,2403,100,1,4648,2403,387.13,2024-01-20 13:00:00
385.91,6653.03,6719,2009,100,1,4710,2009,388.35,2024-01-20 14:00:00
345.18,5909.51,5958,1751,100,1,4207,1751,385.39,2024-01-20 15:00:00
351.85,6065.85,6121,1724,95,1,4397,1724,388.28,2024-01-20 16:00:00
369.51,6325.95,6378,1906,100,1,4472,1906,387.08,2024-01-20 17:00:00
380.76,6564.38,6625,1929,100,1,4696,1929,389.25,2024-01-20 18:00:00
369.53,6326.36,6378,1888,100,1,4490,1888,387.57,2024-01-20 19:00:00
352.87,6083.53,6143,1625,100,1,4518,1625,387.84,2024-01-20 20:00:00
284.9,4877.53,4917,1171,100,1,3746,1171,382.04,2024-01-20 21:00:00
266.97,4602.57,4644,995,100,1,3649,995,381.15,2024-01-20 22:00:00
199.35,3412.8,3440,688,100,1,2752,688,378.58,2024-01-20 23:00:00
210.54,3629.7,3663,797,100,1,2866,797,382.49,2024-01-21 00:00:00
208.75,3573.79,3603,905,100,1,2698,905,382.2,2024-01-21 01:00:00
225.52,3887.95,3923,1057,100,1,2866,1057,386.55,2024-01-21 02:00:00
728.14,12465.79,12576,6241,93,1,6335,6241,385.75,2024-01-21 03:00:00
608.5,10490.56,10588,5703,100,1,4885,5703,393.52,2024-01-21 04:00:00
312.93,5357.28,5399,1971,100,1,3428,1971,393.92,2024-01-21 05:00:00
258.4,4454.73,4498,1439,100,1,3059,1439,398.42,2024-01-21 06:00:00
258.67,4428.36,4466,1398,100,1,3068,1398,399.03,2024-01-21 07:00:00
325.22,5606.73,5661,2235,100,1,3426,2235,408.53,2024-01-21 08:00:00
368.12,6302.27,6364,2639,100,1,3725,2639,408.83,2024-01-21 09:00:00
310.99,5361.46,5416,1986,100,1,3430,1986,410.8,2024-01-21 10:00:00
347.27,5945.29,5996,2338,98,1,3658,2338,406.47,2024-01-21 11:00:00
324.95,5602.22,5662,2045,97,1,3617,2045,403.65,2024-01-21 12:00:00
299.83,5133.04,5176,1692,100,1,3484,1692,395.19,2024-01-21 13:00:00
295.56,5095.39,5146,1507,100,1,3639,1507,394.07,2024-01-21 14:00:00
303.58,5197.36,5243,1534,100,1,3709,1534,390.75,2024-01-21 15:00:00
332.88,5738.9,5790,1730,100,1,4060,1730,393.19,2024-01-21 16:00:00
277.92,4757.99,4800,1320,100,1,3480,1320,386.74,2024-01-21 17:00:00
207.57,3578.45,3614,647,100,1,2967,647,386.33,2024-01-21 18:00:00
181.59,3108.78,3137,566,100,1,2571,566,381.45,2024-01-21 19:00:00
180.21,3106.9,3139,565,100,1,2574,565,382.81,2024-01-21 20:00:00
180.97,3098.2,3126,485,100,1,2641,485,379.8,2024-01-21 21:00:00
220.33,3798.44,3836,749,100,1,3087,749,383.0,2024-01-21 22:00:00
245.18,4197.52,4233,960,100,1,3273,960,382.2,2024-01-21 23:00:00
264.78,4564.86,4610,1034,100,1,3576,1034,385.31,2024-01-22 00:00:00
255.43,4372.98,4415,952,100,1,3463,952,383.14,2024-01-22 01:00:00
270.0,4654.86,4706,1023,98,1,3683,1023,386.99,2024-01-22 02:00:00
263.49,4510.96,4551,1142,97,1,3409,1142,387.43,2024-01-22 03:00:00
253.38,4368.23,4412,966,100,1,3446,966,390.25,2024-01-22 04:00:00
249.17,4265.77,4304,1062,100,1,3242,1062,386.51,2024-01-22 05:00:00
250.74,4322.7,4369,1225,100,1,3144,1225,390.04,2024-01-22 06:00:00
273.63,4684.54,4728,1276,100,1,3452,1276,388.21,2024-01-22 07:00:00
272.64,4700.39,4747,1380,100,1,3367,1380,392.23,2024-01-22 08:00:00
283.15,4847.52,4895,1318,100,1,3577,1318,386.14,2024-01-22 09:00:00
247.77,4271.51,4314,939,100,1,3375,939,387.05,2024-01-22 10:00:00
233.84,4003.41,4045,655,100,1,3390,655,380.28,2024-01-22 11:00:00
229.4,3954.81,3996,655,100,1,3341,655,380.77,2024-01-22 12:00:00
224.1,3836.54,3873,700,100,1,3173,700,373.49,2024-01-22 13:00:00
251.39,4334.01,4376,812,100,1,3564,812,376.27,2024-01-22 14:00:00
229.96,3936.99,3973,699,100,1,3274,699,371.56,2024-01-22 15:00:00
219.33,3781.21,3821,550,100,1,3271,550,374.71,2024-01-22 16:00:00
213.06,3647.66,3682,525,100,1,3157,525,370.56,2024-01-22 17:00:00
210.93,3636.46,3672,505,100,1,3167,505,374.82,2024-01-22 18:00:00
212.33,3635.04,3671,545,100,1,3126,545,370.41,2024-01-22 19:00:00
215.99,3723.72,3762,497,100,1,3265,497,374.75,2024-01-22 20:00:00
204.01,3492.73,3526,460,100,1,3066,460,370.13,2024-01-22 21:00:00
209.6,3613.58,3651,449,100,1,3202,449,374.46,2024-01-22 22:00:00
205.8,3523.25,3557,491,100,1,3066,491,369.98,2024-01-22 23:00:00
222.74,3840.09,3882,512,92,1,3370,512,374.71,2024-01-23 00:00:00
235.96,4039.59,4076,595,100,1,3481,595,370.36,2024-01-23 01:00:00
250.55,4319.49,4366,701,100,1,3665,701,375.44,2024-01-23 02:00:00
255.2,4368.99,4412,763,100,1,3649,763,371.81,2024-01-23 03:00:00
259.75,4478.06,4528,778,100,1,3750,778,377.07,2024-01-23 04:00:00
256.37,4389.08,4432,848,100,1,3584,848,373.59,2024-01-23 05:00:00
381.68,6580.21,6652,938,100,1,5714,938,378.09,2024-01-23 06:00:00
301.92,5168.86,5217,1102,100,1,4115,1102,374.29,2024-01-23 07:00:00
317.27,5469.73,5523,1309,100,1,4214,1309,374.25,2024-01-23 08:00:00
333.98,5717.7,5769,1413,100,1,4356,1413,373.39,2024-01-23 09:00:00
334.62,5768.83,5826,1412,100,1,4414,1412,376.24,2024-01-23 10:00:00
337.89,5784.75,5831,1444,100,1,4387,1444,373.22,2024-01-23 11:00:00
353.93,6101.78,6162,1578,100,1,4584,1578,376.4,2024-01-23 12:00:00
355.76,6090.6,6143,1665,100,1,4478,1665,374.03,2024-01-23 13:00:00
335.57,5785.2,5844,1591,100,1,4253,1591,377.67,2024-01-23 14:00:00
341.89,5853.15,5904,1579,100,1,4325,1579,376.43,2024-01-23 15:00:00
363.08,6259.56,6323,1491,93,1,4832,1491,380.91,2024-01-23 16:00:00
417.23,7142.98,7212,1438,100,1,5774,1438,376.68,2024-01-23 17:00:00
337.58,5819.85,5877,1294,100,1,4583,1294,377.98,2024-01-23 18:00:00
295.93,5066.28,5108,1275,100,1,3833,1275,375.24,2024-01-23 19:00:00
289.01,4982.61,5037,1084,100,1,3953,1084,378.35,2024-01-23 20:00:00
258.79,4430.56,4467,916,100,1,3551,916,374.6,2024-01-23 21:00:00
262.81,4530.85,4577,849,100,1,3728,849,377.74,2024-01-23 22:00:00
253.5,4339.94,4380,722,100,1,3658,722,374.12,2024-01-23 23:00:00
251.86,4342.14,4387,667,100,1,3720,667,377.31,2024-01-24 00:00:00
224.92,3850.69,3888,620,100,1,3268,620,373.82,2024-01-24 01:00:00
220.57,3802.68,3840,633,100,1,3207,633,377.12,2024-01-24 02:00:00
205.24,3513.74,3547,683,100,1,2864,683,374.14,2024-01-24 03:00:00
216.34,3729.77,3767,750,100,1,3017,750,377.53,2024-01-24 04:00:00
205.44,3517.09,3551,736,100,1,2815,736,375.03,2024-01-24 05:00:00
214.0,3689.38,3726,849,100,1,2877,849,379.42,2024-01-24 06:00:00
245.82,4208.43,4248,1024,100,1,3224,1024,380.01,2024-01-24 07:00:00
269.06,4638.6,4688,1140,100,1,3548,1140,382.61,2024-01-24 08:00:00
270.13,4624.67,4668,1202,100,1,3466,1202,378.06,2024-01-24 09:00:00
246.98,4257.86,4301,927,100,1,3374,927,379.93,2024-01-24 10:00:00
241.11,4127.78,4165,1010,92,1,3155,1010,376.7,2024-01-24 11:00:00
251.44,4334.9,4379,1104,100,1,3275,1104,378.86,2024-01-24 12:00:00
258.43,4424.35,4464,1029,100,1,3435,1029,376.16,2024-01-24 13:00:00
250.21,4313.55,4357,1122,100,1,3235,1122,378.95,2024-01-24 14:00:00
244.99,4194.15,4236,1141,100,1,3095,1141,376.68,2024-01-24 15:00:00
261.04,4500.33,4548,1003,100,1,3545,1003,379.4,2024-01-24 16:00:00
248.65,4256.87,4294,1014,100,1,3280,1014,376.37,2024-01-24 17:00:00
272.83,4703.64,4753,1024,100,1,3729,1024,378.76,2024-01-24 18:00:00
255.18,4368.72,4412,1072,100,1,3340,1072,375.69,2024-01-24 19:00:00
255.26,4400.74,4447,995,100,1,3452,995,377.71,2024-01-24 20:00:00
244.33,4183.01,4221,937,100,1,3284,937,374.43,2024-01-24 21:00:00
247.16,4261.12,4304,869,100,1,3435,869,376.13,2024-01-24 22:00:00
249.37,4269.13,4313,780,100,1,3533,780,372.98,2024-01-24 23:00:00
246.01,4241.13,4283,735,100,1,3548,735,375.07,2024-01-25 00:00:00
232.97,3988.45,4029,642,100,1,3387,642,372.07,2024-01-25 01:00:00
194.89,3359.84,3394,520,100,1,2874,520,374.0,2024-01-25 02:00:00
182.0,3115.77,3142,498,100,1,2644,498,371.47,2024-01-25 03:00:00
182.36,3143.94,3177,596,100,1,2581,596,374.16,2024-01-25 04:00:00
180.62,3092.23,3119,586,100,1,2533,586,371.96,2024-01-25 05:00:00
196.74,3391.74,3425,705,100,1,2720,705,375.52,2024-01-25 06:00:00
205.78,3522.91,3556,828,100,1,2728,828,375.67,2024-01-25 07:00:00
224.93,3877.8,3920,939,100,1,2981,939,380.38,2024-01-25 08:00:00
237.35,4063.39,4106,974,95,1,3132,974,376.47,2024-01-25 09:00:00
229.46,3955.96,4002,977,100,1,3025,977,378.3,2024-01-25 10:00:00
251.52,4305.99,4353,935,100,1,3418,935,375.09,2024-01-25 11:00:00
237.45,4093.7,4140,901,100,1,3239,901,378.61,2024-01-25 12:00:00
243.61,4170.57,4215,1149,100,1,3066,1149,376.97,2024-01-25 13:00:00
266.77,4599.15,4651,1423,100,1,3228,1423,380.04,2024-01-25 14:00:00
310.19,5310.41,5365,1388,100,1,3977,1388,377.15,2024-01-25 15:00:00
288.64,4976.19,5031,1439,100,1,3592,1439,380.25,2024-01-25 16:00:00
316.29,5414.97,5472,1571,100,1,3901,1571,378.01,2024-01-25 17:00:00
308.69,5321.74,5382,1572,100,1,3810,1572,381.15,2024-01-25 18:00:00
288.3,4935.65,4990,1534,100,1,3456,1534,378.5,2024-01-25 19:00:00
296.51,5111.77,5168,1576,100,1,3592,1576,380.52,2024-01-25 20:00:00
338.61,5797.06,5861,1914,100,1,3947,1914,376.6,2024-01-25 21:00:00
341.28,5883.61,5949,1882,100,1,4067,1882,379.3,2024-01-25 22:00:00
348.68,5969.48,6038,1987,93,1,4051,1987,376.47,2024-01-25 23:00:00
324.32,5591.32,5654,1707,100,1,3947,1707,379.22,2024-01-26 00:00:00
308.1,5274.64,5328,1561,100,1,3767,1561,377.23,2024-01-26 01:00:00
313.09,5397.73,5461,1518,100,1,3943,1518,380.42,2024-01-26 02:00:00
298.16,5104.53,5159,1510,100,1,3649,1510,377.92,2024-01-26 03:00:00
310.65,5355.54,5416,1822,100,1,3594,1822,382.35,2024-01-26 04:00:00
305.01,5221.75,5279,2090,100,1,3189,2090,381.63,2024-01-26 05:00:00
314.26,5417.77,5479,2173,100,1,3306,2173,387.46,2024-01-26 06:00:00
346.27,5928.1,5992,2666,100,1,3326,2666,386.09,2024-01-26 07:00:00
371.79,6409.71,6475,2733,100,1,3742,2733,389.55,2024-01-26 08:00:00
341.51,5846.64,5907,2579,95,1,3328,2579,387.4,2024-01-26 09:00:00
400.85,6910.69,6985,3207,100,1,3778,3207,394.26,2024-01-26 10:00:00
451.04,7721.76,7794,4111,100,1,3683,4111,395.35,2024-01-26 11:00:00
496.42,8558.35,8643,4607,100,1,4036,4607,401.3,2024-01-26 12:00:00
539.1,9229.35,9306,5106,100,1,4200,5106,403.5,2024-01-26 13:00:00
517.89,8928.46,9014,4672,95,1,4342,4672,406.04,2024-01-26 14:00:00
418.93,7172.16,7230,3023,100,1,4207,3023,397.05,2024-01-26 15:00:00
340.34,5867.38,5926,2198,100,1,3728,2198,396.86,2024-01-26 16:00:00
348.91,5973.41,6024,2167,100,1,3857,2167,392.94,2024-01-26 17:00:00
347.29,5987.19,6047,2156,100,1,3891,2156,393.4,2024-01-26 18:00:00
362.57,6207.26,6258,2386,100,1,3872,2386,392.13,2024-01-26 19:00:00
406.7,7011.47,7081,2815,100,1,4266,2815,398.76,2024-01-26 20:00:00
394.97,6761.81,6820,2971,95,1,3849,2971,398.07,2024-01-26 21:00:00
389.13,6708.58,6775,2909,100,1,3866,2909,400.44,2024-01-26 22:00:00
349.79,5988.46,6040,2551,100,1,3489,2551,395.17,2024-01-26 23:00:00
357.8,6168.47,6226,2437,100,1,3789,2437,395.75,2024-01-27 00:00:00
327.87,5613.11,5659,2022,100,1,3637,2022,391.24,2024-01-27 01:00:00
313.92,5412.04,5467,1775,100,1,3692,1775,393.04,2024-01-27 02:00:00
279.65,4787.66,4827,1479,100,1,3348,1479,387.3,2024-01-27 03:00:00
288.52,4974.0,5024,1407,100,1,3617,1407,389.81,2024-01-27 04:00:00
262.1,4487.13,4522,1274,100,1,3248,1274,385.97,2024-01-27 05:00:00
254.32,4384.46,4428,1238,92,1,3190,1238,386.62,2024-01-27 06:00:00
276.8,4738.75,4779,1608,100,1,3171,1608,385.74,2024-01-27 07:00:00
322.78,5564.77,5621,2055,100,1,3566,2055,390.91,2024-01-27 08:00:00
346.28,5928.28,5977,2339,100,1,3638,2339,391.84,2024-01-27 09:00:00
418.81,7220.22,7289,2861,100,1,4428,2861,397.37,2024-01-27 10:00:00
453.75,7768.26,7846,3500,100,1,4346,3500,397.96,2024-01-27 11:00:00
420.85,7255.53,7330,3040,100,1,4290,3040,401.87,2024-01-27 12:00:00
452.57,7747.98,7818,3271,93,1,4547,3271,398.87,2024-01-27 13:00:00
453.07,7810.87,7887,3303,100,1,4584,3303,399.25,2024-01-27 14:00:00
451.21,7724.66,7791,3147,100,1,4644,3147,393.52,2024-01-27 15:00:00
449.23,7744.73,7827,2957,100,1,4870,2957,396.39,2024-01-27 16:00:00
500.49,8568.47,8643,3313,100,1,5330,3313,396.31,2024-01-27 17:00:00
470.53,8111.88,8192,2998,100,1,5194,2998,399.5,2024-01-27 18:00:00
484.4,8292.85,8369,3209,93,1,5160,3209,396.2,2024-01-27 19:00:00
517.29,8918.04,9011,3344,100,1,5667,3344,401.61,2024-01-27 20:00:00
519.86,8899.93,8985,3834,100,1,5151,3834,401.16,2024-01-27 21:00:00
490.15,8450.25,8532,3442,100,1,5090,3442,403.98,2024-01-27 22:00:00
461.58,7902.29,7970,3029,100,1,4941,3029,399.62,2024-01-27 23:00:00
431.87,7445.38,7521,2721,100,1,4800,2721,399.86,2024-01-28 00:00:00
417.67,7150.47,7216,2674,93,1,4542,2674,394.93,2024-01-28 01:00:00
418.39,7212.97,7283,2665,100,1,4618,2665,397.27,2024-01-28 02:00:00
429.17,7347.43,7412,2871,100,1,4541,2871,396.08,2024-01-28 03:00:00
418.92,7222.23,7299,2659,100,1,4640,2659,401.58,2024-01-28 04:00:00
381.41,6529.77,6587,2317,100,1,4270,2317,399.08,2024-01-28 05:00:00
374.95,6464.16,6523,2189,100,1,4334,2189,401.38,2024-01-28 06:00:00
362.96,6213.9,6270,2129,100,1,4141,2129,401.17,2024-01-28 07:00:00
376.22,6486.12,6554,2463,93,1,4091,2463,409.03,2024-01-28 08:00:00
390.49,6685.17,6758,2648,100,1,4110,2648,405.55,2024-01-28 09:00:00
417.86,7203.83,7282,2660,100,1,4622,2660,410.25,2024-01-28 10:00:00
408.06,6985.93,7065,2401,100,1,4664,2401,403.7,2024-01-28 11:00:00
393.11,6777.23,6853,2318,100,1,4535,2318,403.05,2024-01-28 12:00:00
399.88,6845.97,6909,2149,100,1,4760,2149,397.47,2024-01-28 13:00:00
399.37,6885.14,6963,2055,100,1,4908,2055,399.39,2024-01-28 14:00:00
394.77,6758.38,6822,2085,100,1,4737,2085,394.68,2024-01-28 15:00:00
426.34,7350.06,7433,2426,92,1,5007,2426,397.23,2024-01-28 16:00:00
367.84,6297.48,6358,1784,100,1,4574,1784,388.07,2024-01-28 17:00:00
262.6,4527.25,4574,868,100,1,3706,868,385.57,2024-01-28 18:00:00
248.71,4257.99,4301,742,100,1,3559,742,377.89,2024-01-28 19:00:00
238.53,4112.26,4155,575,100,1,3580,575,377.36,2024-01-28 20:00:00
203.11,3477.19,3510,349,100,1,3161,349,370.96,2024-01-28 21:00:00
207.75,3581.65,3621,445,100,1,3176,445,373.51,2024-01-28 22:00:00
240.05,4109.68,4153,613,100,1,3540,613,371.29,2024-01-28 23:00:00
247.69,4270.24,4313,607,100,1,3706,607,375.6,2024-01-29 00:00:00
239.02,4091.98,4129,584,100,1,3545,584,372.65,2024-01-29 01:00:00
216.08,3725.15,3764,448,100,1,3316,448,375.95,2024-01-29 02:00:00
208.74,3573.55,3611,471,100,1,3140,471,373.09,2024-01-29 03:00:00
218.58,3768.36,3809,586,100,1,3223,586,376.59,2024-01-29 04:00:00
223.51,3826.41,3860,670,100,1,3190,670,374.59,2024-01-29 05:00:00
243.83,4203.58,4247,945,100,1,3302,945,381.05,2024-01-29 06:00:00
266.99,4570.94,4618,1258,100,1,3360,1258,376.17,2024-01-29 07:00:00
261.38,4506.2,4551,1071,100,1,3480,1071,378.8,2024-01-29 08:00:00
230.73,3950.09,3982,988,100,1,2994,988,373.44,2024-01-29 09:00:00
214.14,3691.81,3724,702,100,1,3022,702,375.93,2024-01-29 10:00:00
225.43,3859.28,3891,727,100,1,3164,727,371.72,2024-01-29 11:00:00
238.42,4110.38,4150,712,100,1,3438,712,375.27,2024-01-29 12:00:00
244.37,4183.63,4220,873,100,1,3347,873,373.95,2024-01-29 13:00:00
271.3,4677.25,4726,1165,97,1,3561,1165,378.74,2024-01-29 14:00:00
249.21,4266.53,4305,1042,98,1,3263,1042,375.53,2024-01-29 15:00:00
242.94,4188.26,4230,773,100,1,3457,773,377.95,2024-01-29 16:00:00
232.11,3973.74,4009,688,100,1,3321,688,375.28,2024-01-29 17:00:00
233.43,4024.39,4066,745,100,1,3321,745,379.33,2024-01-29 18:00:00
210.87,3610.07,3644,631,100,1,3013,631,376.17,2024-01-29 19:00:00
218.64,3769.38,3808,581,100,1,3227,581,379.95,2024-01-29 20:00:00
207.9,3559.26,3592,514,100,1,3078,514,376.14,2024-01-29 21:00:00
204.44,3524.6,3561,564,100,1,2997,564,379.52,2024-01-29 22:00:00
213.16,3649.28,3683,549,100,1,3134,549,378.05,2024-01-29 23:00:00
217.72,3753.53,3792,537,100,1,3255,537,381.07,2024-01-30 00:00:00
207.24,3547.89,3578,513,100,1,3065,513,377.22,2024-01-30 01:00:00
206.24,3555.65,3595,502,100,1,3093,502,378.74,2024-01-30 02:00:00
201.05,3442.01,3470,517,100,1,2953,517,374.14,2024-01-30 03:00:00
197.19,3399.59,3434,556,100,1,2878,556,376.09,2024-01-30 04:00:00
219.17,3752.14,3783,646,100,1,3137,646,374.23,2024-01-30 05:00:00
219.36,3781.73,3822,828,100,1,2994,828,377.92,2024-01-30 06:00:00
242.7,4155.06,4192,1011,100,1,3181,1011,375.95,2024-01-30 07:00:00
268.69,4632.29,4679,1202,100,1,3477,1202,379.06,2024-01-30 08:00:00
279.31,4781.74,4823,1358,100,1,3465,1358,376.92,2024-01-30 09:00:00
286.78,4944.14,4993,1364,100,1,3629,1364,379.14,2024-01-30 10:00:00
289.57,4957.37,5007,1299,100,1,3708,1299,376.18,2024-01-30 11:00:00
292.95,5050.39,5101,1329,100,1,3772,1329,378.17,2024-01-30 12:00:00
292.95,5050.39,5101,1329,100,1,3772,1329,378.17,2024-01-30 12:00:00
292.95,5050.39,5101,1329,100,1,3772,1329,378.17,2024-01-30 12:00:00
320.89,5532.23,5599,1333,100,1,4266,1333,382.33,2024-01-30 15:00:00
281.37,4816.98,4866,1197,100,1,3669,1197,377.74,2024-01-30 16:00:00
295.82,5100.02,5154,1251,100,1,3903,1251,379.94,2024-01-30 17:00:00
302.35,5176.32,5230,1230,100,1,4000,1230,377.61,2024-01-30 18:00:00
292.98,5050.91,5104,1169,100,1,3935,1169,379.93,2024-01-30 19:00:00
290.46,4972.68,5025,1239,100,1,3786,1239,377.46,2024-01-30 20:00:00
